 &plot nbnd=  27, nks=    17 /
            0.000000  0.000000  0.000000
  -22.651  -21.163  -18.946  -17.366  -16.760  -16.511  -15.981  -13.829  -13.782  -13.007
  -11.798  -11.316  -10.940  -10.688   -9.549   -9.054   -8.796   -7.528   -7.107   -6.598
   -5.279   -3.971   -3.394   -2.287   -0.612   -0.524   -0.496
            0.031250  0.000000  0.000000
  -22.645  -21.157  -18.942  -17.474  -16.799  -16.395  -15.967  -13.883  -13.747  -12.971
  -11.771  -11.362  -10.914  -10.681   -9.532   -9.048   -8.817   -7.532   -7.121   -6.595
   -5.324   -4.061   -3.308   -2.236   -0.604   -0.539   -0.488
            0.062500  0.000000  0.000000
  -22.628  -21.141  -18.932  -17.708  -16.905  -16.140  -15.929  -14.020  -13.647  -12.885
  -11.693  -11.476  -10.857  -10.660   -9.483   -9.029   -8.880   -7.546   -7.162   -6.587
   -5.451   -4.254   -3.126   -2.093   -0.582   -0.581   -0.464
            0.093750  0.000000  0.000000
  -22.599  -21.114  -18.917  -17.976  -17.059  -15.879  -15.834  -14.201  -13.491  -12.784
  -11.626  -11.570  -10.792  -10.626   -9.412   -8.997   -8.978   -7.575   -7.229   -6.573
   -5.638   -4.481   -2.918   -1.878   -0.650   -0.543   -0.423
            0.125000  0.000000  0.000000
  -22.559  -21.075  -18.901  -18.244  -17.244  -15.822  -15.508  -14.403  -13.291  -12.680
  -11.796  -11.412  -10.723  -10.578   -9.330   -9.105   -8.953   -7.625   -7.319   -6.555
   -5.866   -4.720   -2.703   -1.611   -0.739   -0.489   -0.368
            0.156250  0.000000  0.000000
  -22.507  -21.026  -18.904  -18.487  -17.448  -15.759  -15.179  -14.606  -13.063  -12.575
  -11.976  -11.229  -10.651  -10.516   -9.254   -9.248   -8.896   -7.701   -7.430   -6.537
   -6.115   -4.964   -2.487   -1.311   -0.843   -0.420   -0.296
            0.187500  0.000000  0.000000
  -22.444  -20.967  -18.990  -18.633  -17.662  -15.691  -14.933  -14.723  -12.822  -12.468
  -12.150  -11.034  -10.573  -10.441   -9.418   -9.175   -8.827   -7.806   -7.559   -6.541
   -6.351   -5.210   -2.272   -1.010   -0.936   -0.335   -0.209
            0.218750  0.000000  0.000000
  -22.370  -20.897  -19.192  -18.650  -17.881  -15.617  -15.071  -14.451  -12.632  -12.354
  -12.260  -10.834  -10.488  -10.352   -9.592   -9.120   -8.745   -7.942   -7.702   -6.709
   -6.427   -5.456   -2.058   -1.088   -0.644   -0.235   -0.108
            0.250000  0.000000  0.000000
  -22.284  -20.816  -19.433  -18.614  -18.101  -15.538  -15.268  -14.116  -12.669  -12.230
  -12.132  -10.641  -10.396  -10.249   -9.769   -9.087   -8.652   -8.110   -7.857   -6.971
   -6.407   -5.700   -1.845   -1.211   -0.301   -0.119    0.009
            0.281250  0.000000  0.000000
  -22.187  -20.726  -19.678  -18.560  -18.319  -15.461  -15.453  -13.783  -12.829  -12.094
  -11.870  -10.466  -10.295  -10.133   -9.937   -9.082   -8.547   -8.308   -8.020   -7.243
   -6.375   -5.940   -1.633   -1.332    0.012    0.044    0.141
            0.312500  0.000000  0.000000
  -22.078  -20.626  -19.919  -18.533  -18.499  -15.642  -15.363  -13.460  -13.006  -11.944
  -11.585  -10.352  -10.187  -10.057  -10.004   -9.107   -8.533   -8.430   -8.188   -7.512
   -6.341   -6.176   -1.447   -1.419    0.158    0.287    0.383
            0.343750  0.000000  0.000000
  -21.959  -20.517  -20.152  -18.739  -18.436  -15.807  -15.271  -13.178  -13.155  -11.779
  -11.296  -10.398  -10.071  -10.025   -9.862   -9.163   -8.780   -8.359   -8.302   -7.775
   -6.406   -6.308   -1.551   -1.205    0.319    0.448    0.708
            0.375000  0.000000  0.000000
  -21.829  -20.402  -20.377  -18.936  -18.374  -15.953  -15.180  -13.338  -12.876  -11.607
  -11.011  -10.519   -9.950   -9.919   -9.707   -9.251   -9.045   -8.529   -8.164   -8.030
   -6.628   -6.278   -1.641   -0.989    0.494    0.624    0.836
            0.406250  0.000000  0.000000
  -21.689  -20.590  -20.282  -19.120  -18.318  -16.075  -15.094  -13.478  -12.630  -11.449
  -10.737  -10.611   -9.825   -9.825   -9.540   -9.368   -9.317   -8.693   -8.277   -8.017
   -6.841   -6.253   -1.715   -0.771    0.613    0.681    0.814
            0.437500  0.000000  0.000000
  -21.540  -20.792  -20.164  -19.284  -18.273  -16.167  -15.020  -13.591  -12.429  -11.350
  -10.607  -10.482   -9.785   -9.704   -9.564   -9.508   -9.361   -8.844   -8.513   -7.864
   -7.042   -6.233   -1.770   -0.553    0.386    0.881    1.017
            0.468750  0.000000  0.000000
  -21.388  -20.976  -20.064  -19.411  -18.244  -16.224  -14.969  -13.666  -12.290  -11.333
  -10.483  -10.264   -9.932   -9.663   -9.640   -9.596   -9.172   -8.965   -8.737   -7.718
   -7.217   -6.221   -1.803   -0.339    0.166    1.086    1.228
           -0.500000  0.000000  0.000000
  -21.286  -21.089  -20.021  -19.463  -18.233  -16.244  -14.951  -13.693  -12.239  -11.340
  -10.355  -10.155  -10.088   -9.746   -9.637   -9.555   -9.016   -9.015   -8.904   -7.637
   -7.307   -6.217   -1.815   -0.193    0.019    1.233    1.383
