#  E (eV)   dos(E)     Int dos(E) EFermi =   0.000 eV
 -22.654  0.4352E-02  0.4352E-04
 -22.644  0.1506E+02  0.1507E+00
 -22.634  0.1189E-13  0.1507E+00
 -22.624  0.9807E-05  0.1507E+00
 -22.614  0.5328E-82  0.1507E+00
 -22.604  0.7153E-08  0.1507E+00
 -22.594  0.1236E-09  0.1507E+00
 -22.584  0.4216E-82  0.1507E+00
 -22.574  0.4216E-82  0.1507E+00
 -22.564  0.5791E-09  0.1507E+00
 -22.554  0.1648E-08  0.1507E+00
 -22.544  0.4216E-82  0.1507E+00
 -22.534  0.4216E-82  0.1507E+00
 -22.524  0.4216E-82  0.1507E+00
 -22.514  0.9201E-18  0.1507E+00
 -22.504  0.2031E-02  0.1507E+00
 -22.494  0.6217E-74  0.1507E+00
 -22.484  0.4216E-82  0.1507E+00
 -22.474  0.4216E-82  0.1507E+00
 -22.464  0.4216E-82  0.1507E+00
 -22.454  0.1662E-40  0.1507E+00
 -22.444  0.6992E+02  0.8499E+00
 -22.434  0.4078E-42  0.8499E+00
 -22.424  0.4216E-82  0.8499E+00
 -22.414  0.4216E-82  0.8499E+00
 -22.404  0.4216E-82  0.8499E+00
 -22.394  0.4216E-82  0.8499E+00
 -22.384  0.4216E-82  0.8499E+00
 -22.374  0.2097E-06  0.8499E+00
 -22.364  0.2394E-11  0.8499E+00
 -22.354  0.4216E-82  0.8499E+00
 -22.344  0.4216E-82  0.8499E+00
 -22.334  0.4216E-82  0.8499E+00
 -22.324  0.4216E-82  0.8499E+00
 -22.314  0.4216E-82  0.8499E+00
 -22.304  0.4216E-82  0.8499E+00
 -22.294  0.8924E-44  0.8499E+00
 -22.284  0.6519E+02  0.1502E+01
 -22.274  0.6604E-39  0.1502E+01
 -22.264  0.4216E-82  0.1502E+01
 -22.254  0.4216E-82  0.1502E+01
 -22.244  0.4216E-82  0.1502E+01
 -22.234  0.4216E-82  0.1502E+01
 -22.224  0.4216E-82  0.1502E+01
 -22.214  0.4216E-82  0.1502E+01
 -22.204  0.4216E-82  0.1502E+01
 -22.194  0.1581E-21  0.1502E+01
 -22.184  0.7341E-01  0.1503E+01
 -22.174  0.4725E-67  0.1503E+01
 -22.164  0.4216E-82  0.1503E+01
 -22.154  0.4216E-82  0.1503E+01
 -22.144  0.4216E-82  0.1503E+01
 -22.134  0.4216E-82  0.1503E+01
 -22.124  0.4216E-82  0.1503E+01
 -22.114  0.4216E-82  0.1503E+01
 -22.104  0.4216E-82  0.1503E+01
 -22.094  0.4216E-82  0.1503E+01
 -22.084  0.1290E-11  0.1503E+01
 -22.074  0.3412E-06  0.1503E+01
 -22.064  0.4216E-82  0.1503E+01
 -22.054  0.4216E-82  0.1503E+01
 -22.044  0.4216E-82  0.1503E+01
 -22.034  0.4216E-82  0.1503E+01
 -22.024  0.4216E-82  0.1503E+01
 -22.014  0.4216E-82  0.1503E+01
 -22.004  0.4216E-82  0.1503E+01
 -21.994  0.4216E-82  0.1503E+01
 -21.984  0.4216E-82  0.1503E+01
 -21.974  0.4216E-82  0.1503E+01
 -21.964  0.3876E-08  0.1503E+01
 -21.954  0.2382E-09  0.1503E+01
 -21.944  0.4216E-82  0.1503E+01
 -21.934  0.4216E-82  0.1503E+01
 -21.924  0.4216E-82  0.1503E+01
 -21.914  0.4216E-82  0.1503E+01
 -21.904  0.4216E-82  0.1503E+01
 -21.894  0.4216E-82  0.1503E+01
 -21.884  0.4216E-82  0.1503E+01
 -21.874  0.4216E-82  0.1503E+01
 -21.864  0.4216E-82  0.1503E+01
 -21.854  0.4216E-82  0.1503E+01
 -21.844  0.4216E-82  0.1503E+01
 -21.834  0.5182E-08  0.1503E+01
 -21.824  0.1749E-09  0.1503E+01
 -21.814  0.4216E-82  0.1503E+01
 -21.804  0.4216E-82  0.1503E+01
 -21.794  0.4216E-82  0.1503E+01
 -21.784  0.4216E-82  0.1503E+01
 -21.774  0.4216E-82  0.1503E+01
 -21.764  0.4216E-82  0.1503E+01
 -21.754  0.4216E-82  0.1503E+01
 -21.744  0.4216E-82  0.1503E+01
 -21.734  0.4216E-82  0.1503E+01
 -21.724  0.4216E-82  0.1503E+01
 -21.714  0.4216E-82  0.1503E+01
 -21.704  0.4216E-82  0.1503E+01
 -21.694  0.7706E-09  0.1503E+01
 -21.684  0.1244E-08  0.1503E+01
 -21.674  0.4216E-82  0.1503E+01
 -21.664  0.4216E-82  0.1503E+01
 -21.654  0.4216E-82  0.1503E+01
 -21.644  0.4216E-82  0.1503E+01
 -21.634  0.4216E-82  0.1503E+01
 -21.624  0.4216E-82  0.1503E+01
 -21.614  0.4216E-82  0.1503E+01
 -21.604  0.4216E-82  0.1503E+01
 -21.594  0.4216E-82  0.1503E+01
 -21.584  0.4216E-82  0.1503E+01
 -21.574  0.4216E-82  0.1503E+01
 -21.564  0.4216E-82  0.1503E+01
 -21.554  0.4240E-82  0.1503E+01
 -21.544  0.3566E-05  0.1503E+01
 -21.534  0.5302E-13  0.1503E+01
 -21.524  0.4216E-82  0.1503E+01
 -21.514  0.4216E-82  0.1503E+01
 -21.504  0.4216E-82  0.1503E+01
 -21.494  0.4216E-82  0.1503E+01
 -21.484  0.4216E-82  0.1503E+01
 -21.474  0.4216E-82  0.1503E+01
 -21.464  0.4216E-82  0.1503E+01
 -21.454  0.4216E-82  0.1503E+01
 -21.444  0.4216E-82  0.1503E+01
 -21.434  0.4216E-82  0.1503E+01
 -21.424  0.4216E-82  0.1503E+01
 -21.414  0.4216E-82  0.1503E+01
 -21.404  0.4216E-82  0.1503E+01
 -21.394  0.8094E-16  0.1503E+01
 -21.384  0.2017E-03  0.1503E+01
 -21.374  0.6970E-78  0.1503E+01
 -21.364  0.4216E-82  0.1503E+01
 -21.354  0.4216E-82  0.1503E+01
 -21.344  0.4216E-82  0.1503E+01
 -21.334  0.4216E-82  0.1503E+01
 -21.324  0.4216E-82  0.1503E+01
 -21.314  0.4216E-82  0.1503E+01
 -21.304  0.4216E-82  0.1503E+01
 -21.294  0.2149E-26  0.1503E+01
 -21.284  0.8190E+00  0.1511E+01
 -21.274  0.4327E-60  0.1511E+01
 -21.264  0.4216E-82  0.1511E+01
 -21.254  0.4216E-82  0.1511E+01
 -21.244  0.4216E-82  0.1511E+01
 -21.234  0.4216E-82  0.1511E+01
 -21.224  0.4216E-82  0.1511E+01
 -21.214  0.4216E-82  0.1511E+01
 -21.204  0.4216E-82  0.1511E+01
 -21.194  0.4216E-82  0.1511E+01
 -21.184  0.4216E-82  0.1511E+01
 -21.174  0.2552E-52  0.1511E+01
 -21.164  0.9069E+01  0.1601E+01
 -21.154  0.9199E-03  0.1601E+01
 -21.144  0.5405E-02  0.1602E+01
 -21.134  0.1102E-18  0.1602E+01
 -21.124  0.3919E-45  0.1602E+01
 -21.114  0.5856E+02  0.2187E+01
 -21.104  0.1213E-37  0.2187E+01
 -21.094  0.2466E-10  0.2187E+01
 -21.084  0.8218E-08  0.2187E+01
 -21.074  0.1140E+02  0.2301E+01
 -21.064  0.7977E-54  0.2301E+01
 -21.054  0.4216E-82  0.2301E+01
 -21.044  0.4216E-82  0.2301E+01
 -21.034  0.2582E-23  0.2301E+01
 -21.024  0.2859E+00  0.2304E+01
 -21.014  0.4391E-64  0.2304E+01
 -21.004  0.4216E-82  0.2304E+01
 -20.994  0.4216E-82  0.2304E+01
 -20.984  0.1641E-22  0.2304E+01
 -20.974  0.1591E+00  0.2306E+01
 -20.964  0.5518E-01  0.2306E+01
 -20.954  0.1208E-67  0.2306E+01
 -20.944  0.4216E-82  0.2306E+01
 -20.934  0.4216E-82  0.2306E+01
 -20.924  0.4216E-82  0.2306E+01
 -20.914  0.4216E-82  0.2306E+01
 -20.904  0.2437E-22  0.2306E+01
 -20.894  0.1396E+00  0.2307E+01
 -20.884  0.1109E-65  0.2307E+01
 -20.874  0.4216E-82  0.2307E+01
 -20.864  0.4216E-82  0.2307E+01
 -20.854  0.4216E-82  0.2307E+01
 -20.844  0.4216E-82  0.2307E+01
 -20.834  0.4216E-82  0.2307E+01
 -20.824  0.1995E-25  0.2307E+01
 -20.814  0.1119E+01  0.2319E+01
 -20.804  0.8532E-57  0.2319E+01
 -20.794  0.4673E+01  0.2365E+01
 -20.784  0.3549E-28  0.2365E+01
 -20.774  0.4216E-82  0.2365E+01
 -20.764  0.4216E-82  0.2365E+01
 -20.754  0.4216E-82  0.2365E+01
 -20.744  0.4216E-82  0.2365E+01
 -20.734  0.2491E-28  0.2365E+01
 -20.724  0.5008E+01  0.2415E+01
 -20.714  0.1396E-56  0.2415E+01
 -20.704  0.4216E-82  0.2415E+01
 -20.694  0.4216E-82  0.2415E+01
 -20.684  0.4216E-82  0.2415E+01
 -20.674  0.4216E-82  0.2415E+01
 -20.664  0.4216E-82  0.2415E+01
 -20.654  0.4216E-82  0.2415E+01
 -20.644  0.4216E-82  0.2415E+01
 -20.634  0.2578E-27  0.2415E+01
 -20.624  0.3107E+01  0.2447E+01
 -20.614  0.5192E-58  0.2447E+01
 -20.604  0.6323E-78  0.2447E+01
 -20.594  0.1966E-03  0.2447E+01
 -20.584  0.8476E-16  0.2447E+01
 -20.574  0.4216E-82  0.2447E+01
 -20.564  0.4216E-82  0.2447E+01
 -20.554  0.4216E-82  0.2447E+01
 -20.544  0.4216E-82  0.2447E+01
 -20.534  0.4216E-82  0.2447E+01
 -20.524  0.1468E-17  0.2447E+01
 -20.514  0.1622E-02  0.2447E+01
 -20.504  0.2486E-74  0.2447E+01
 -20.494  0.4216E-82  0.2447E+01
 -20.484  0.4216E-82  0.2447E+01
 -20.474  0.4216E-82  0.2447E+01
 -20.464  0.4216E-82  0.2447E+01
 -20.454  0.4216E-82  0.2447E+01
 -20.444  0.4216E-82  0.2447E+01
 -20.434  0.4216E-82  0.2447E+01
 -20.424  0.4216E-82  0.2447E+01
 -20.414  0.4832E-65  0.2447E+01
 -20.404  0.1868E+00  0.2448E+01
 -20.394  0.1001E-22  0.2448E+01
 -20.384  0.3569E-22  0.2448E+01
 -20.374  0.1229E+00  0.2450E+01
 -20.364  0.5864E-66  0.2450E+01
 -20.354  0.4216E-82  0.2450E+01
 -20.344  0.4216E-82  0.2450E+01
 -20.334  0.4216E-82  0.2450E+01
 -20.324  0.4216E-82  0.2450E+01
 -20.314  0.4216E-82  0.2450E+01
 -20.304  0.4216E-82  0.2450E+01
 -20.294  0.7076E-66  0.2450E+01
 -20.284  0.1276E+00  0.2451E+01
 -20.274  0.3190E-22  0.2451E+01
 -20.264  0.4216E-82  0.2451E+01
 -20.254  0.4216E-82  0.2451E+01
 -20.244  0.4216E-82  0.2451E+01
 -20.234  0.4216E-82  0.2451E+01
 -20.224  0.4216E-82  0.2451E+01
 -20.214  0.4216E-82  0.2451E+01
 -20.204  0.4216E-82  0.2451E+01
 -20.194  0.4216E-82  0.2451E+01
 -20.184  0.4216E-82  0.2451E+01
 -20.174  0.7313E-46  0.2451E+01
 -20.164  0.5430E+02  0.2994E+01
 -20.154  0.4781E+01  0.3042E+01
 -20.144  0.3161E-28  0.3042E+01
 -20.134  0.4216E-82  0.3042E+01
 -20.124  0.4216E-82  0.3042E+01
 -20.114  0.4216E-82  0.3042E+01
 -20.104  0.4216E-82  0.3042E+01
 -20.094  0.4216E-82  0.3042E+01
 -20.084  0.4216E-82  0.3042E+01
 -20.074  0.9242E-41  0.3042E+01
 -20.064  0.7024E+02  0.3744E+01
 -20.054  0.7402E-42  0.3744E+01
 -20.044  0.4216E-82  0.3744E+01
 -20.034  0.1765E-74  0.3744E+01
 -20.024  0.8841E-03  0.3744E+01
 -20.014  0.6140E-18  0.3744E+01
 -20.004  0.4216E-82  0.3744E+01
 -19.994  0.4216E-82  0.3744E+01
 -19.984  0.4216E-82  0.3744E+01
 -19.974  0.4216E-82  0.3744E+01
 -19.964  0.4216E-82  0.3744E+01
 -19.954  0.4216E-82  0.3744E+01
 -19.944  0.4216E-82  0.3744E+01
 -19.934  0.4216E-82  0.3744E+01
 -19.924  0.2535E-08  0.3744E+01
 -19.914  0.3716E-09  0.3744E+01
 -19.904  0.4216E-82  0.3744E+01
 -19.894  0.4216E-82  0.3744E+01
 -19.884  0.4216E-82  0.3744E+01
 -19.874  0.4216E-82  0.3744E+01
 -19.864  0.4216E-82  0.3744E+01
 -19.854  0.4216E-82  0.3744E+01
 -19.844  0.4216E-82  0.3744E+01
 -19.834  0.4216E-82  0.3744E+01
 -19.824  0.4216E-82  0.3744E+01
 -19.814  0.4216E-82  0.3744E+01
 -19.804  0.4216E-82  0.3744E+01
 -19.794  0.4216E-82  0.3744E+01
 -19.784  0.4216E-82  0.3744E+01
 -19.774  0.4216E-82  0.3744E+01
 -19.764  0.4216E-82  0.3744E+01
 -19.754  0.4216E-82  0.3744E+01
 -19.744  0.4216E-82  0.3744E+01
 -19.734  0.4216E-82  0.3744E+01
 -19.724  0.4216E-82  0.3744E+01
 -19.714  0.4216E-82  0.3744E+01
 -19.704  0.4216E-82  0.3744E+01
 -19.694  0.4216E-82  0.3744E+01
 -19.684  0.3023E-12  0.3744E+01
 -19.674  0.1025E-05  0.3744E+01
 -19.664  0.4216E-82  0.3744E+01
 -19.654  0.4216E-82  0.3744E+01
 -19.644  0.4216E-82  0.3744E+01
 -19.634  0.4216E-82  0.3744E+01
 -19.624  0.4216E-82  0.3744E+01
 -19.614  0.4216E-82  0.3744E+01
 -19.604  0.4216E-82  0.3744E+01
 -19.594  0.4216E-82  0.3744E+01
 -19.584  0.4216E-82  0.3744E+01
 -19.574  0.4216E-82  0.3744E+01
 -19.564  0.4216E-82  0.3744E+01
 -19.554  0.4216E-82  0.3744E+01
 -19.544  0.4216E-82  0.3744E+01
 -19.534  0.4216E-82  0.3744E+01
 -19.524  0.4216E-82  0.3744E+01
 -19.514  0.4216E-82  0.3744E+01
 -19.504  0.4216E-82  0.3744E+01
 -19.494  0.4216E-82  0.3744E+01
 -19.484  0.4216E-82  0.3744E+01
 -19.474  0.3722E-49  0.3744E+01
 -19.464  0.1758E+02  0.3920E+01
 -19.454  0.1152E-34  0.3920E+01
 -19.444  0.1130E-51  0.3920E+01
 -19.434  0.1968E+02  0.4117E+01
 -19.424  0.4754E-32  0.4117E+01
 -19.414  0.6513E-03  0.4117E+01
 -19.404  0.9080E-17  0.4117E+01
 -19.394  0.4216E-82  0.4117E+01
 -19.384  0.4216E-82  0.4117E+01
 -19.374  0.4216E-82  0.4117E+01
 -19.364  0.4216E-82  0.4117E+01
 -19.354  0.4216E-82  0.4117E+01
 -19.344  0.4216E-82  0.4117E+01
 -19.334  0.4216E-82  0.4117E+01
 -19.324  0.4216E-82  0.4117E+01
 -19.314  0.4216E-82  0.4117E+01
 -19.304  0.4216E-82  0.4117E+01
 -19.294  0.5847E-46  0.4117E+01
 -19.284  0.5370E+02  0.4654E+01
 -19.274  0.6839E-37  0.4654E+01
 -19.264  0.4216E-82  0.4654E+01
 -19.254  0.4216E-82  0.4654E+01
 -19.244  0.4216E-82  0.4654E+01
 -19.234  0.4216E-82  0.4654E+01
 -19.224  0.4216E-82  0.4654E+01
 -19.214  0.4216E-82  0.4654E+01
 -19.204  0.7735E-63  0.4654E+01
 -19.194  0.4879E+00  0.4659E+01
 -19.184  0.4267E-24  0.4659E+01
 -19.174  0.4216E-82  0.4659E+01
 -19.164  0.4216E-82  0.4659E+01
 -19.154  0.4216E-82  0.4659E+01
 -19.144  0.4216E-82  0.4659E+01
 -19.134  0.4216E-82  0.4659E+01
 -19.124  0.1771E-06  0.4659E+01
 -19.114  0.2960E-11  0.4659E+01
 -19.104  0.4216E-82  0.4659E+01
 -19.094  0.4216E-82  0.4659E+01
 -19.084  0.4216E-82  0.4659E+01
 -19.074  0.4216E-82  0.4659E+01
 -19.064  0.4216E-82  0.4659E+01
 -19.054  0.4216E-82  0.4659E+01
 -19.044  0.4216E-82  0.4659E+01
 -19.034  0.4216E-82  0.4659E+01
 -19.024  0.4216E-82  0.4659E+01
 -19.014  0.4216E-82  0.4659E+01
 -19.004  0.4216E-82  0.4659E+01
 -18.994  0.2509E-06  0.4659E+01
 -18.984  0.1910E-11  0.4659E+01
 -18.974  0.4216E-82  0.4659E+01
 -18.964  0.4216E-82  0.4659E+01
 -18.954  0.5522E-26  0.4659E+01
 -18.944  0.6947E+01  0.4728E+01
 -18.934  0.7205E+01  0.4800E+01
 -18.924  0.5353E-20  0.4800E+01
 -18.914  0.1940E-01  0.4800E+01
 -18.904  0.6703E+02  0.5471E+01
 -18.894  0.3386E-21  0.5471E+01
 -18.884  0.4216E-82  0.5471E+01
 -18.874  0.4216E-82  0.5471E+01
 -18.864  0.4216E-82  0.5471E+01
 -18.854  0.4216E-82  0.5471E+01
 -18.844  0.4216E-82  0.5471E+01
 -18.834  0.4216E-82  0.5471E+01
 -18.824  0.4216E-82  0.5471E+01
 -18.814  0.4216E-82  0.5471E+01
 -18.804  0.4216E-82  0.5471E+01
 -18.794  0.4216E-82  0.5471E+01
 -18.784  0.4216E-82  0.5471E+01
 -18.774  0.4216E-82  0.5471E+01
 -18.764  0.4216E-82  0.5471E+01
 -18.754  0.4216E-82  0.5471E+01
 -18.744  0.1072E-09  0.5471E+01
 -18.734  0.8149E-08  0.5471E+01
 -18.724  0.4216E-82  0.5471E+01
 -18.714  0.4216E-82  0.5471E+01
 -18.704  0.4216E-82  0.5471E+01
 -18.694  0.4216E-82  0.5471E+01
 -18.684  0.4216E-82  0.5471E+01
 -18.674  0.4216E-82  0.5471E+01
 -18.664  0.4216E-82  0.5471E+01
 -18.654  0.1783E-05  0.5471E+01
 -18.644  0.1414E-12  0.5471E+01
 -18.634  0.3416E+02  0.5812E+01
 -18.624  0.3164E-34  0.5812E+01
 -18.614  0.6770E+02  0.6489E+01
 -18.604  0.1436E-39  0.6489E+01
 -18.594  0.4216E-82  0.6489E+01
 -18.584  0.4216E-82  0.6489E+01
 -18.574  0.1284E-79  0.6489E+01
 -18.564  0.6933E-04  0.6489E+01
 -18.554  0.5206E-15  0.6489E+01
 -18.544  0.3217E-55  0.6489E+01
 -18.534  0.7646E+01  0.6566E+01
 -18.524  0.2519E-29  0.6566E+01
 -18.514  0.4216E-82  0.6566E+01
 -18.504  0.1599E-07  0.6566E+01
 -18.494  0.5089E-10  0.6566E+01
 -18.484  0.1029E+00  0.6567E+01
 -18.474  0.2439E-66  0.6567E+01
 -18.464  0.4216E-82  0.6567E+01
 -18.454  0.4216E-82  0.6567E+01
 -18.444  0.3357E-27  0.6567E+01
 -18.434  0.2935E+01  0.6596E+01
 -18.424  0.3557E-58  0.6596E+01
 -18.414  0.4216E-82  0.6596E+01
 -18.404  0.4216E-82  0.6596E+01
 -18.394  0.4216E-82  0.6596E+01
 -18.384  0.4497E-42  0.6596E+01
 -18.374  0.6998E+02  0.7296E+01
 -18.364  0.1510E-40  0.7296E+01
 -18.354  0.4216E-82  0.7296E+01
 -18.344  0.4216E-82  0.7296E+01
 -18.334  0.4216E-82  0.7296E+01
 -18.324  0.1867E-07  0.7296E+01
 -18.314  0.4376E-05  0.7296E+01
 -18.304  0.4274E-82  0.7296E+01
 -18.294  0.4216E-82  0.7296E+01
 -18.284  0.7857E-50  0.7296E+01
 -18.274  0.2929E+02  0.7589E+01
 -18.264  0.1514E-33  0.7589E+01
 -18.254  0.2904E-38  0.7589E+01
 -18.244  0.1222E+03  0.8811E+01
 -18.234  0.2215E+02  0.9033E+01
 -18.224  0.6886E-36  0.9033E+01
 -18.214  0.4216E-82  0.9033E+01
 -18.204  0.4216E-82  0.9033E+01
 -18.194  0.4216E-82  0.9033E+01
 -18.184  0.4216E-82  0.9033E+01
 -18.174  0.4216E-82  0.9033E+01
 -18.164  0.4216E-82  0.9033E+01
 -18.154  0.4216E-82  0.9033E+01
 -18.144  0.4216E-82  0.9033E+01
 -18.134  0.4216E-82  0.9033E+01
 -18.124  0.4216E-82  0.9033E+01
 -18.114  0.8845E-67  0.9033E+01
 -18.104  0.8358E-01  0.9033E+01
 -18.094  0.1095E-21  0.9033E+01
 -18.084  0.4216E-82  0.9033E+01
 -18.074  0.4216E-82  0.9033E+01
 -18.064  0.4216E-82  0.9033E+01
 -18.054  0.4216E-82  0.9033E+01
 -18.044  0.4216E-82  0.9033E+01
 -18.034  0.4216E-82  0.9033E+01
 -18.024  0.4216E-82  0.9033E+01
 -18.014  0.4216E-82  0.9033E+01
 -18.004  0.4216E-82  0.9033E+01
 -17.994  0.4216E-82  0.9033E+01
 -17.984  0.2863E-29  0.9033E+01
 -17.974  0.7476E+01  0.9108E+01
 -17.964  0.2706E-55  0.9108E+01
 -17.954  0.4216E-82  0.9108E+01
 -17.944  0.4216E-82  0.9108E+01
 -17.934  0.4216E-82  0.9108E+01
 -17.924  0.4216E-82  0.9108E+01
 -17.914  0.4216E-82  0.9108E+01
 -17.904  0.4216E-82  0.9108E+01
 -17.894  0.2964E-68  0.9108E+01
 -17.884  0.4092E-01  0.9109E+01
 -17.874  0.7833E-21  0.9109E+01
 -17.864  0.4216E-82  0.9109E+01
 -17.854  0.4216E-82  0.9109E+01
 -17.844  0.4216E-82  0.9109E+01
 -17.834  0.4216E-82  0.9109E+01
 -17.824  0.4216E-82  0.9109E+01
 -17.814  0.4216E-82  0.9109E+01
 -17.804  0.4216E-82  0.9109E+01
 -17.794  0.4216E-82  0.9109E+01
 -17.784  0.4216E-82  0.9109E+01
 -17.774  0.4216E-82  0.9109E+01
 -17.764  0.4216E-82  0.9109E+01
 -17.754  0.4216E-82  0.9109E+01
 -17.744  0.4216E-82  0.9109E+01
 -17.734  0.4216E-82  0.9109E+01
 -17.724  0.4216E-82  0.9109E+01
 -17.714  0.8823E-16  0.9109E+01
 -17.704  0.1923E-03  0.9109E+01
 -17.694  0.5809E-78  0.9109E+01
 -17.684  0.4216E-82  0.9109E+01
 -17.674  0.8048E-61  0.9109E+01
 -17.664  0.1104E+01  0.9120E+01
 -17.654  0.2102E-25  0.9120E+01
 -17.644  0.4216E-82  0.9120E+01
 -17.634  0.4216E-82  0.9120E+01
 -17.624  0.4216E-82  0.9120E+01
 -17.614  0.4216E-82  0.9120E+01
 -17.604  0.4216E-82  0.9120E+01
 -17.594  0.4216E-82  0.9120E+01
 -17.584  0.4216E-82  0.9120E+01
 -17.574  0.4216E-82  0.9120E+01
 -17.564  0.4216E-82  0.9120E+01
 -17.554  0.4216E-82  0.9120E+01
 -17.544  0.4216E-82  0.9120E+01
 -17.534  0.4216E-82  0.9120E+01
 -17.524  0.4216E-82  0.9120E+01
 -17.514  0.4216E-82  0.9120E+01
 -17.504  0.4216E-82  0.9120E+01
 -17.494  0.4216E-82  0.9120E+01
 -17.484  0.4857E-38  0.9120E+01
 -17.474  0.6088E+02  0.9728E+01
 -17.464  0.1058E-44  0.9728E+01
 -17.454  0.7004E-16  0.9728E+01
 -17.444  0.2186E-03  0.9728E+01
 -17.434  0.9457E-78  0.9728E+01
 -17.424  0.4216E-82  0.9728E+01
 -17.414  0.4216E-82  0.9728E+01
 -17.404  0.4216E-82  0.9728E+01
 -17.394  0.4216E-82  0.9728E+01
 -17.384  0.4216E-82  0.9728E+01
 -17.374  0.7519E-26  0.9728E+01
 -17.364  0.6013E+00  0.9734E+01
 -17.354  0.6668E-61  0.9734E+01
 -17.344  0.4216E-82  0.9734E+01
 -17.334  0.4216E-82  0.9734E+01
 -17.324  0.4216E-82  0.9734E+01
 -17.314  0.4216E-82  0.9734E+01
 -17.304  0.4216E-82  0.9734E+01
 -17.294  0.4216E-82  0.9734E+01
 -17.284  0.4216E-82  0.9734E+01
 -17.274  0.4216E-82  0.9734E+01
 -17.264  0.4216E-82  0.9734E+01
 -17.254  0.2666E-43  0.9734E+01
 -17.244  0.6698E+02  0.1040E+02
 -17.234  0.2334E-39  0.1040E+02
 -17.224  0.4216E-82  0.1040E+02
 -17.214  0.4216E-82  0.1040E+02
 -17.204  0.4216E-82  0.1040E+02
 -17.194  0.4216E-82  0.1040E+02
 -17.184  0.4216E-82  0.1040E+02
 -17.174  0.4216E-82  0.1040E+02
 -17.164  0.4216E-82  0.1040E+02
 -17.154  0.4216E-82  0.1040E+02
 -17.144  0.4216E-82  0.1040E+02
 -17.134  0.4216E-82  0.1040E+02
 -17.124  0.4216E-82  0.1040E+02
 -17.114  0.4216E-82  0.1040E+02
 -17.104  0.4216E-82  0.1040E+02
 -17.094  0.4216E-82  0.1040E+02
 -17.084  0.4216E-82  0.1040E+02
 -17.074  0.4216E-82  0.1040E+02
 -17.064  0.1420E-09  0.1040E+02
 -17.054  0.6292E-08  0.1040E+02
 -17.044  0.4216E-82  0.1040E+02
 -17.034  0.4216E-82  0.1040E+02
 -17.024  0.4216E-82  0.1040E+02
 -17.014  0.4216E-82  0.1040E+02
 -17.004  0.4216E-82  0.1040E+02
 -16.994  0.4216E-82  0.1040E+02
 -16.984  0.4216E-82  0.1040E+02
 -16.974  0.4216E-82  0.1040E+02
 -16.964  0.4216E-82  0.1040E+02
 -16.954  0.4216E-82  0.1040E+02
 -16.944  0.4216E-82  0.1040E+02
 -16.934  0.4216E-82  0.1040E+02
 -16.924  0.4216E-82  0.1040E+02
 -16.914  0.2249E-35  0.1040E+02
 -16.904  0.4271E+02  0.1083E+02
 -16.894  0.1125E-47  0.1083E+02
 -16.884  0.4216E-82  0.1083E+02
 -16.874  0.4216E-82  0.1083E+02
 -16.864  0.4216E-82  0.1083E+02
 -16.854  0.4216E-82  0.1083E+02
 -16.844  0.4216E-82  0.1083E+02
 -16.834  0.4216E-82  0.1083E+02
 -16.824  0.4216E-82  0.1083E+02
 -16.814  0.4216E-82  0.1083E+02
 -16.804  0.7513E-11  0.1083E+02
 -16.794  0.8283E-07  0.1083E+02
 -16.784  0.4216E-82  0.1083E+02
 -16.774  0.4217E-82  0.1083E+02
 -16.764  0.1272E-05  0.1083E+02
 -16.754  0.4294E-13  0.1083E+02
 -16.744  0.4216E-82  0.1083E+02
 -16.734  0.4216E-82  0.1083E+02
 -16.724  0.4216E-82  0.1083E+02
 -16.714  0.4216E-82  0.1083E+02
 -16.704  0.4216E-82  0.1083E+02
 -16.694  0.4216E-82  0.1083E+02
 -16.684  0.4216E-82  0.1083E+02
 -16.674  0.4216E-82  0.1083E+02
 -16.664  0.4216E-82  0.1083E+02
 -16.654  0.4216E-82  0.1083E+02
 -16.644  0.4216E-82  0.1083E+02
 -16.634  0.4216E-82  0.1083E+02
 -16.624  0.4216E-82  0.1083E+02
 -16.614  0.4216E-82  0.1083E+02
 -16.604  0.4216E-82  0.1083E+02
 -16.594  0.4216E-82  0.1083E+02
 -16.584  0.4216E-82  0.1083E+02
 -16.574  0.4216E-82  0.1083E+02
 -16.564  0.4216E-82  0.1083E+02
 -16.554  0.4216E-82  0.1083E+02
 -16.544  0.4216E-82  0.1083E+02
 -16.534  0.4216E-82  0.1083E+02
 -16.524  0.5310E-76  0.1083E+02
 -16.514  0.3691E-03  0.1083E+02
 -16.504  0.3558E-17  0.1083E+02
 -16.494  0.4216E-82  0.1083E+02
 -16.484  0.4216E-82  0.1083E+02
 -16.474  0.4216E-82  0.1083E+02
 -16.464  0.4216E-82  0.1083E+02
 -16.454  0.4216E-82  0.1083E+02
 -16.444  0.4216E-82  0.1083E+02
 -16.434  0.4216E-82  0.1083E+02
 -16.424  0.4216E-82  0.1083E+02
 -16.414  0.4216E-82  0.1083E+02
 -16.404  0.7480E-34  0.1083E+02
 -16.394  0.3145E+02  0.1115E+02
 -16.384  0.1833E-49  0.1115E+02
 -16.374  0.4216E-82  0.1115E+02
 -16.364  0.4216E-82  0.1115E+02
 -16.354  0.4216E-82  0.1115E+02
 -16.344  0.4216E-82  0.1115E+02
 -16.334  0.4216E-82  0.1115E+02
 -16.324  0.4216E-82  0.1115E+02
 -16.314  0.4216E-82  0.1115E+02
 -16.304  0.4216E-82  0.1115E+02
 -16.294  0.4216E-82  0.1115E+02
 -16.284  0.4216E-82  0.1115E+02
 -16.274  0.4216E-82  0.1115E+02
 -16.264  0.4216E-82  0.1115E+02
 -16.254  0.5905E-42  0.1115E+02
 -16.244  0.3521E+02  0.1150E+02
 -16.234  0.3744E-39  0.1150E+02
 -16.224  0.6623E+02  0.1216E+02
 -16.214  0.1637E-43  0.1216E+02
 -16.204  0.4216E-82  0.1216E+02
 -16.194  0.4216E-82  0.1216E+02
 -16.184  0.4216E-82  0.1216E+02
 -16.174  0.4936E-22  0.1216E+02
 -16.164  0.1101E+00  0.1216E+02
 -16.154  0.3403E-66  0.1216E+02
 -16.144  0.9112E-07  0.1216E+02
 -16.134  0.6696E-11  0.1216E+02
 -16.124  0.4216E-82  0.1216E+02
 -16.114  0.4216E-82  0.1216E+02
 -16.104  0.4216E-82  0.1216E+02
 -16.094  0.4216E-82  0.1216E+02
 -16.084  0.1567E-36  0.1216E+02
 -16.074  0.5120E+02  0.1267E+02
 -16.064  0.2319E-46  0.1267E+02
 -16.054  0.4216E-82  0.1267E+02
 -16.044  0.4216E-82  0.1267E+02
 -16.034  0.4216E-82  0.1267E+02
 -16.024  0.4216E-82  0.1267E+02
 -16.014  0.4216E-82  0.1267E+02
 -16.004  0.4216E-82  0.1267E+02
 -15.994  0.1533E-66  0.1267E+02
 -15.984  0.5388E-01  0.1267E+02
 -15.974  0.4512E-20  0.1267E+02
 -15.964  0.2083E-01  0.1267E+02
 -15.954  0.3750E+02  0.1305E+02
 -15.944  0.1118E-34  0.1305E+02
 -15.934  0.9106E-08  0.1305E+02
 -15.924  0.9497E-10  0.1305E+02
 -15.914  0.4216E-82  0.1305E+02
 -15.904  0.4216E-82  0.1305E+02
 -15.894  0.4216E-82  0.1305E+02
 -15.884  0.3465E-09  0.1305E+02
 -15.874  0.2711E-08  0.1305E+02
 -15.864  0.4216E-82  0.1305E+02
 -15.854  0.4216E-82  0.1305E+02
 -15.844  0.1028E-44  0.1305E+02
 -15.834  0.6081E+02  0.1366E+02
 -15.824  0.2226E+00  0.1366E+02
 -15.814  0.1805E-16  0.1366E+02
 -15.804  0.4549E-03  0.1366E+02
 -15.794  0.1589E-76  0.1366E+02
 -15.784  0.4216E-82  0.1366E+02
 -15.774  0.4216E-82  0.1366E+02
 -15.764  0.1022E-08  0.1366E+02
 -15.754  0.9390E-09  0.1366E+02
 -15.744  0.4216E-82  0.1366E+02
 -15.734  0.4216E-82  0.1366E+02
 -15.724  0.4216E-82  0.1366E+02
 -15.714  0.4216E-82  0.1366E+02
 -15.704  0.6360E-71  0.1366E+02
 -15.694  0.1048E-01  0.1366E+02
 -15.684  0.2393E-19  0.1366E+02
 -15.674  0.4216E-82  0.1366E+02
 -15.664  0.4216E-82  0.1366E+02
 -15.654  0.2078E-61  0.1366E+02
 -15.644  0.8759E+00  0.1367E+02
 -15.634  0.5118E-25  0.1367E+02
 -15.624  0.3063E-17  0.1367E+02
 -15.614  0.1130E-02  0.1367E+02
 -15.604  0.5778E-75  0.1367E+02
 -15.594  0.4216E-82  0.1367E+02
 -15.584  0.4216E-82  0.1367E+02
 -15.574  0.4216E-82  0.1367E+02
 -15.564  0.4216E-82  0.1367E+02
 -15.554  0.4216E-82  0.1367E+02
 -15.544  0.1201E-14  0.1367E+02
 -15.534  0.4196E-04  0.1367E+02
 -15.524  0.2075E-80  0.1367E+02
 -15.514  0.6184E-13  0.1367E+02
 -15.504  0.3204E-05  0.1367E+02
 -15.494  0.4229E-82  0.1367E+02
 -15.484  0.4216E-82  0.1367E+02
 -15.474  0.7356E-74  0.1367E+02
 -15.464  0.2116E-02  0.1367E+02
 -15.454  0.1359E+02  0.1380E+02
 -15.444  0.7089E-31  0.1380E+02
 -15.434  0.4216E-82  0.1380E+02
 -15.424  0.4216E-82  0.1380E+02
 -15.414  0.4216E-82  0.1380E+02
 -15.404  0.4216E-82  0.1380E+02
 -15.394  0.4216E-82  0.1380E+02
 -15.384  0.4216E-82  0.1380E+02
 -15.374  0.4569E-47  0.1380E+02
 -15.364  0.4667E+02  0.1427E+02
 -15.354  0.6611E-36  0.1427E+02
 -15.344  0.4216E-82  0.1427E+02
 -15.334  0.4216E-82  0.1427E+02
 -15.324  0.4216E-82  0.1427E+02
 -15.314  0.4216E-82  0.1427E+02
 -15.304  0.4216E-82  0.1427E+02
 -15.294  0.4216E-82  0.1427E+02
 -15.284  0.9467E-68  0.1427E+02
 -15.274  0.5241E-01  0.1427E+02
 -15.264  0.4789E-05  0.1427E+02
 -15.254  0.4298E-82  0.1427E+02
 -15.244  0.4216E-82  0.1427E+02
 -15.234  0.4216E-82  0.1427E+02
 -15.224  0.4216E-82  0.1427E+02
 -15.214  0.4216E-82  0.1427E+02
 -15.204  0.4216E-82  0.1427E+02
 -15.194  0.4216E-82  0.1427E+02
 -15.184  0.8633E-06  0.1427E+02
 -15.174  0.1194E-06  0.1427E+02
 -15.164  0.4216E-82  0.1427E+02
 -15.154  0.4216E-82  0.1427E+02
 -15.144  0.4216E-82  0.1427E+02
 -15.134  0.4216E-82  0.1427E+02
 -15.124  0.4216E-82  0.1427E+02
 -15.114  0.4216E-82  0.1427E+02
 -15.104  0.7277E-46  0.1427E+02
 -15.094  0.5428E+02  0.1481E+02
 -15.084  0.5615E-37  0.1481E+02
 -15.074  0.1896E-01  0.1481E+02
 -15.064  0.5673E-20  0.1481E+02
 -15.054  0.4216E-82  0.1481E+02
 -15.044  0.4216E-82  0.1481E+02
 -15.034  0.4432E-82  0.1481E+02
 -15.024  0.6198E-05  0.1481E+02
 -15.014  0.2366E-13  0.1481E+02
 -15.004  0.4216E-82  0.1481E+02
 -14.994  0.4216E-82  0.1481E+02
 -14.984  0.4216E-82  0.1481E+02
 -14.974  0.1602E-08  0.1481E+02
 -14.964  0.5960E-09  0.1481E+02
 -14.954  0.3500E-03  0.1481E+02
 -14.944  0.3946E-17  0.1481E+02
 -14.934  0.1284E+02  0.1494E+02
 -14.924  0.1038E-30  0.1494E+02
 -14.914  0.4216E-82  0.1494E+02
 -14.904  0.4216E-82  0.1494E+02
 -14.894  0.4216E-82  0.1494E+02
 -14.884  0.4216E-82  0.1494E+02
 -14.874  0.4216E-82  0.1494E+02
 -14.864  0.4216E-82  0.1494E+02
 -14.854  0.4216E-82  0.1494E+02
 -14.844  0.4216E-82  0.1494E+02
 -14.834  0.4216E-82  0.1494E+02
 -14.824  0.4216E-82  0.1494E+02
 -14.814  0.4216E-82  0.1494E+02
 -14.804  0.4216E-82  0.1494E+02
 -14.794  0.4216E-82  0.1494E+02
 -14.784  0.4216E-82  0.1494E+02
 -14.774  0.4216E-82  0.1494E+02
 -14.764  0.4216E-82  0.1494E+02
 -14.754  0.4216E-82  0.1494E+02
 -14.744  0.4216E-82  0.1494E+02
 -14.734  0.2662E-53  0.1494E+02
 -14.724  0.1312E+02  0.1507E+02
 -14.714  0.8968E-31  0.1507E+02
 -14.704  0.4216E-82  0.1507E+02
 -14.694  0.4216E-82  0.1507E+02
 -14.684  0.4216E-82  0.1507E+02
 -14.674  0.4216E-82  0.1507E+02
 -14.664  0.4216E-82  0.1507E+02
 -14.654  0.4216E-82  0.1507E+02
 -14.644  0.4216E-82  0.1507E+02
 -14.634  0.4216E-82  0.1507E+02
 -14.624  0.4216E-82  0.1507E+02
 -14.614  0.1132E-23  0.1507E+02
 -14.604  0.3668E+00  0.1508E+02
 -14.594  0.1648E-63  0.1508E+02
 -14.584  0.4216E-82  0.1508E+02
 -14.574  0.4216E-82  0.1508E+02
 -14.564  0.4216E-82  0.1508E+02
 -14.554  0.4216E-82  0.1508E+02
 -14.544  0.4216E-82  0.1508E+02
 -14.534  0.4216E-82  0.1508E+02
 -14.524  0.4216E-82  0.1508E+02
 -14.514  0.4216E-82  0.1508E+02
 -14.504  0.4216E-82  0.1508E+02
 -14.494  0.4216E-82  0.1508E+02
 -14.484  0.4216E-82  0.1508E+02
 -14.474  0.4216E-82  0.1508E+02
 -14.464  0.1828E-75  0.1508E+02
 -14.454  0.8467E-03  0.1508E+02
 -14.444  0.5439E-17  0.1508E+02
 -14.434  0.4216E-82  0.1508E+02
 -14.424  0.4216E-82  0.1508E+02
 -14.414  0.6589E-54  0.1508E+02
 -14.404  0.1114E+02  0.1519E+02
 -14.394  0.2612E-30  0.1519E+02
 -14.384  0.4216E-82  0.1519E+02
 -14.374  0.4216E-82  0.1519E+02
 -14.364  0.4216E-82  0.1519E+02
 -14.354  0.4216E-82  0.1519E+02
 -14.344  0.4216E-82  0.1519E+02
 -14.334  0.4216E-82  0.1519E+02
 -14.324  0.4216E-82  0.1519E+02
 -14.314  0.4216E-82  0.1519E+02
 -14.304  0.4216E-82  0.1519E+02
 -14.294  0.4216E-82  0.1519E+02
 -14.284  0.4216E-82  0.1519E+02
 -14.274  0.4216E-82  0.1519E+02
 -14.264  0.4216E-82  0.1519E+02
 -14.254  0.4216E-82  0.1519E+02
 -14.244  0.4216E-82  0.1519E+02
 -14.234  0.4216E-82  0.1519E+02
 -14.224  0.4216E-82  0.1519E+02
 -14.214  0.2253E-66  0.1519E+02
 -14.204  0.1012E+00  0.1519E+02
 -14.194  0.6306E-22  0.1519E+02
 -14.184  0.4216E-82  0.1519E+02
 -14.174  0.4216E-82  0.1519E+02
 -14.164  0.4216E-82  0.1519E+02
 -14.154  0.4216E-82  0.1519E+02
 -14.144  0.4216E-82  0.1519E+02
 -14.134  0.4216E-82  0.1519E+02
 -14.124  0.1060E-25  0.1519E+02
 -14.114  0.1313E+01  0.1520E+02
 -14.104  0.2257E-60  0.1520E+02
 -14.094  0.4216E-82  0.1520E+02
 -14.084  0.4216E-82  0.1520E+02
 -14.074  0.4216E-82  0.1520E+02
 -14.064  0.4216E-82  0.1520E+02
 -14.054  0.4216E-82  0.1520E+02
 -14.044  0.4216E-82  0.1520E+02
 -14.034  0.5418E-82  0.1520E+02
 -14.024  0.1003E-04  0.1520E+02
 -14.014  0.1150E-13  0.1520E+02
 -14.004  0.4216E-82  0.1520E+02
 -13.994  0.4216E-82  0.1520E+02
 -13.984  0.4216E-82  0.1520E+02
 -13.974  0.4216E-82  0.1520E+02
 -13.964  0.4216E-82  0.1520E+02
 -13.954  0.4216E-82  0.1520E+02
 -13.944  0.4216E-82  0.1520E+02
 -13.934  0.4216E-82  0.1520E+02
 -13.924  0.4216E-82  0.1520E+02
 -13.914  0.4216E-82  0.1520E+02
 -13.904  0.4216E-82  0.1520E+02
 -13.894  0.3880E-50  0.1520E+02
 -13.884  0.2754E+02  0.1548E+02
 -13.874  0.2711E-33  0.1548E+02
 -13.864  0.4216E-82  0.1548E+02
 -13.854  0.4216E-82  0.1548E+02
 -13.844  0.4216E-82  0.1548E+02
 -13.834  0.1517E-08  0.1548E+02
 -13.824  0.1540E-09  0.1548E+02
 -13.814  0.4216E-82  0.1548E+02
 -13.804  0.4216E-82  0.1548E+02
 -13.794  0.4025E-53  0.1548E+02
 -13.784  0.1466E+02  0.1563E+02
 -13.774  0.1441E-26  0.1563E+02
 -13.764  0.4216E-82  0.1563E+02
 -13.754  0.2939E-17  0.1563E+02
 -13.744  0.1153E-02  0.1563E+02
 -13.734  0.6274E-75  0.1563E+02
 -13.724  0.4216E-82  0.1563E+02
 -13.714  0.4216E-82  0.1563E+02
 -13.704  0.5220E-52  0.1563E+02
 -13.694  0.9763E+01  0.1572E+02
 -13.684  0.2532E-32  0.1572E+02
 -13.674  0.4228E-23  0.1572E+02
 -13.664  0.2455E+00  0.1573E+02
 -13.654  0.7395E-20  0.1573E+02
 -13.644  0.1703E-01  0.1573E+02
 -13.634  0.5440E-70  0.1573E+02
 -13.624  0.4216E-82  0.1573E+02
 -13.614  0.4216E-82  0.1573E+02
 -13.604  0.2370E-66  0.1573E+02
 -13.594  0.1023E+00  0.1573E+02
 -13.584  0.6119E-22  0.1573E+02
 -13.574  0.4216E-82  0.1573E+02
 -13.564  0.4216E-82  0.1573E+02
 -13.554  0.4216E-82  0.1573E+02
 -13.544  0.4216E-82  0.1573E+02
 -13.534  0.4216E-82  0.1573E+02
 -13.524  0.4216E-82  0.1573E+02
 -13.514  0.4216E-82  0.1573E+02
 -13.504  0.1432E-74  0.1573E+02
 -13.494  0.1416E-02  0.1573E+02
 -13.484  0.5567E-12  0.1573E+02
 -13.474  0.6497E-06  0.1573E+02
 -13.464  0.9725E-05  0.1573E+02
 -13.454  0.1205E-13  0.1573E+02
 -13.444  0.4216E-82  0.1573E+02
 -13.434  0.4216E-82  0.1573E+02
 -13.424  0.4216E-82  0.1573E+02
 -13.414  0.4216E-82  0.1573E+02
 -13.404  0.4216E-82  0.1573E+02
 -13.394  0.4216E-82  0.1573E+02
 -13.384  0.4216E-82  0.1573E+02
 -13.374  0.4216E-82  0.1573E+02
 -13.364  0.4216E-82  0.1573E+02
 -13.354  0.4216E-82  0.1573E+02
 -13.344  0.3559E-16  0.1573E+02
 -13.334  0.3165E-03  0.1573E+02
 -13.324  0.3902E-77  0.1573E+02
 -13.314  0.4216E-82  0.1573E+02
 -13.304  0.3584E-66  0.1573E+02
 -13.294  0.1112E+00  0.1573E+02
 -13.284  0.4787E-22  0.1573E+02
 -13.274  0.4216E-82  0.1573E+02
 -13.264  0.4216E-82  0.1573E+02
 -13.254  0.4216E-82  0.1573E+02
 -13.244  0.4216E-82  0.1573E+02
 -13.234  0.4216E-82  0.1573E+02
 -13.224  0.4216E-82  0.1573E+02
 -13.214  0.4216E-82  0.1573E+02
 -13.204  0.4216E-82  0.1573E+02
 -13.194  0.4216E-82  0.1573E+02
 -13.184  0.1611E-15  0.1573E+02
 -13.174  0.1370E-03  0.1573E+02
 -13.164  0.2203E-32  0.1573E+02
 -13.154  0.2166E+02  0.1594E+02
 -13.144  0.2954E-51  0.1594E+02
 -13.134  0.4216E-82  0.1594E+02
 -13.124  0.4216E-82  0.1594E+02
 -13.114  0.4216E-82  0.1594E+02
 -13.104  0.4216E-82  0.1594E+02
 -13.094  0.4216E-82  0.1594E+02
 -13.084  0.4216E-82  0.1594E+02
 -13.074  0.7083E-54  0.1594E+02
 -13.064  0.1124E+02  0.1606E+02
 -13.054  0.2472E-30  0.1606E+02
 -13.044  0.4216E-82  0.1606E+02
 -13.034  0.4216E-82  0.1606E+02
 -13.024  0.4216E-82  0.1606E+02
 -13.014  0.1468E-22  0.1606E+02
 -13.004  0.5200E+01  0.1611E+02
 -12.994  0.1668E-56  0.1611E+02
 -12.984  0.2000E-76  0.1611E+02
 -12.974  0.4826E-03  0.1611E+02
 -12.964  0.1614E-16  0.1611E+02
 -12.954  0.4216E-82  0.1611E+02
 -12.944  0.4216E-82  0.1611E+02
 -12.934  0.4216E-82  0.1611E+02
 -12.924  0.4216E-82  0.1611E+02
 -12.914  0.4216E-82  0.1611E+02
 -12.904  0.4216E-82  0.1611E+02
 -12.894  0.1434E-29  0.1611E+02
 -12.884  0.8428E+01  0.1619E+02
 -12.874  0.5310E+01  0.1625E+02
 -12.864  0.2124E-56  0.1625E+02
 -12.854  0.4216E-82  0.1625E+02
 -12.844  0.4216E-82  0.1625E+02
 -12.834  0.7890E-07  0.1625E+02
 -12.824  0.4023E+01  0.1629E+02
 -12.814  0.7497E-28  0.1629E+02
 -12.804  0.4216E-82  0.1629E+02
 -12.794  0.9975E-44  0.1629E+02
 -12.784  0.6539E+02  0.1694E+02
 -12.774  0.5944E-39  0.1694E+02
 -12.764  0.4216E-82  0.1694E+02
 -12.754  0.4216E-82  0.1694E+02
 -12.744  0.4216E-82  0.1694E+02
 -12.734  0.4216E-82  0.1694E+02
 -12.724  0.4216E-82  0.1694E+02
 -12.714  0.4216E-82  0.1694E+02
 -12.704  0.4216E-82  0.1694E+02
 -12.694  0.4216E-82  0.1694E+02
 -12.684  0.9443E-06  0.1694E+02
 -12.674  0.2993E-09  0.1694E+02
 -12.664  0.3123E-08  0.1694E+02
 -12.654  0.4216E-82  0.1694E+02
 -12.644  0.2943E-63  0.1694E+02
 -12.634  0.4085E+00  0.1694E+02
 -12.624  0.9313E-14  0.1694E+02
 -12.614  0.4216E-82  0.1694E+02
 -12.604  0.4216E-82  0.1694E+02
 -12.594  0.4216E-82  0.1694E+02
 -12.584  0.5933E-30  0.1694E+02
 -12.574  0.9767E+01  0.1704E+02
 -12.564  0.2230E-54  0.1704E+02
 -12.554  0.4216E-82  0.1704E+02
 -12.544  0.4216E-82  0.1704E+02
 -12.534  0.4216E-82  0.1704E+02
 -12.524  0.4216E-82  0.1704E+02
 -12.514  0.4216E-82  0.1704E+02
 -12.504  0.4216E-82  0.1704E+02
 -12.494  0.4216E-82  0.1704E+02
 -12.484  0.4216E-82  0.1704E+02
 -12.474  0.2379E-13  0.1704E+02
 -12.464  0.6175E-05  0.1704E+02
 -12.454  0.4429E-82  0.1704E+02
 -12.444  0.4216E-82  0.1704E+02
 -12.434  0.6464E-08  0.1704E+02
 -12.424  0.1379E-09  0.1704E+02
 -12.414  0.4216E-82  0.1704E+02
 -12.404  0.4216E-82  0.1704E+02
 -12.394  0.4216E-82  0.1704E+02
 -12.384  0.4216E-82  0.1704E+02
 -12.374  0.4216E-82  0.1704E+02
 -12.364  0.1143E-40  0.1704E+02
 -12.354  0.7014E+02  0.1774E+02
 -12.344  0.5965E-42  0.1774E+02
 -12.334  0.4216E-82  0.1774E+02
 -12.324  0.4216E-82  0.1774E+02
 -12.314  0.4216E-82  0.1774E+02
 -12.304  0.5351E-79  0.1774E+02
 -12.294  0.1019E-03  0.1774E+02
 -12.284  0.2695E-15  0.1774E+02
 -12.274  0.7697E-78  0.1774E+02
 -12.264  0.2070E-03  0.1774E+02
 -12.254  0.7722E-16  0.1774E+02
 -12.244  0.4060E-09  0.1774E+02
 -12.234  0.8534E-04  0.1774E+02
 -12.224  0.3657E-15  0.1774E+02
 -12.214  0.4216E-82  0.1774E+02
 -12.204  0.4216E-82  0.1774E+02
 -12.194  0.4216E-82  0.1774E+02
 -12.184  0.4216E-82  0.1774E+02
 -12.174  0.4216E-82  0.1774E+02
 -12.164  0.4216E-82  0.1774E+02
 -12.154  0.1450E-05  0.1774E+02
 -12.144  0.1883E-12  0.1774E+02
 -12.134  0.9999E+00  0.1775E+02
 -12.124  0.3090E-25  0.1775E+02
 -12.114  0.4216E-82  0.1775E+02
 -12.104  0.1391E-40  0.1775E+02
 -12.094  0.7003E+02  0.1845E+02
 -12.084  0.4888E-42  0.1845E+02
 -12.074  0.4216E-82  0.1845E+02
 -12.064  0.4216E-82  0.1845E+02
 -12.054  0.4216E-82  0.1845E+02
 -12.044  0.4216E-82  0.1845E+02
 -12.034  0.4216E-82  0.1845E+02
 -12.024  0.4216E-82  0.1845E+02
 -12.014  0.4216E-82  0.1845E+02
 -12.004  0.4216E-82  0.1845E+02
 -11.994  0.4216E-82  0.1845E+02
 -11.984  0.1985E-28  0.1845E+02
 -11.974  0.5233E+01  0.1851E+02
 -11.964  0.1912E-56  0.1851E+02
 -11.954  0.1454E-44  0.1851E+02
 -11.944  0.6158E+02  0.1912E+02
 -11.934  0.3617E-38  0.1912E+02
 -11.924  0.4216E-82  0.1912E+02
 -11.914  0.4216E-82  0.1912E+02
 -11.904  0.4216E-82  0.1912E+02
 -11.894  0.4216E-82  0.1912E+02
 -11.884  0.3063E-78  0.1912E+02
 -11.874  0.1623E-03  0.1912E+02
 -11.864  0.1193E-15  0.1912E+02
 -11.854  0.4216E-82  0.1912E+02
 -11.844  0.4216E-82  0.1912E+02
 -11.834  0.4216E-82  0.1912E+02
 -11.824  0.4216E-82  0.1912E+02
 -11.814  0.4216E-82  0.1912E+02
 -11.804  0.3663E-15  0.1912E+02
 -11.794  0.8169E+00  0.1913E+02
 -11.784  0.1361E-07  0.1913E+02
 -11.774  0.1388E-01  0.1913E+02
 -11.764  0.1219E-19  0.1913E+02
 -11.754  0.4216E-82  0.1913E+02
 -11.744  0.4216E-82  0.1913E+02
 -11.734  0.4216E-82  0.1913E+02
 -11.724  0.4216E-82  0.1913E+02
 -11.714  0.4216E-82  0.1913E+02
 -11.704  0.1410E-49  0.1913E+02
 -11.694  0.3077E+02  0.1944E+02
 -11.684  0.9314E-34  0.1944E+02
 -11.674  0.4216E-82  0.1944E+02
 -11.664  0.4216E-82  0.1944E+02
 -11.654  0.4216E-82  0.1944E+02
 -11.644  0.4216E-82  0.1944E+02
 -11.634  0.4451E-27  0.1944E+02
 -11.624  0.2760E+01  0.1947E+02
 -11.614  0.3524E-18  0.1947E+02
 -11.604  0.3189E-02  0.1947E+02
 -11.594  0.7186E-34  0.1947E+02
 -11.584  0.3158E+02  0.1978E+02
 -11.574  0.6334E-05  0.1978E+02
 -11.564  0.2291E-13  0.1978E+02
 -11.554  0.4216E-82  0.1978E+02
 -11.544  0.4216E-82  0.1978E+02
 -11.534  0.4216E-82  0.1978E+02
 -11.524  0.4216E-82  0.1978E+02
 -11.514  0.4216E-82  0.1978E+02
 -11.504  0.4216E-82  0.1978E+02
 -11.494  0.4216E-82  0.1978E+02
 -11.484  0.2546E-28  0.1978E+02
 -11.474  0.4987E+01  0.1983E+02
 -11.464  0.1354E-56  0.1983E+02
 -11.454  0.1498E-09  0.1983E+02
 -11.444  0.5984E-08  0.1983E+02
 -11.434  0.4216E-82  0.1983E+02
 -11.424  0.1726E-65  0.1983E+02
 -11.414  0.1525E+00  0.1983E+02
 -11.404  0.1867E-22  0.1983E+02
 -11.394  0.4216E-82  0.1983E+02
 -11.384  0.4216E-82  0.1983E+02
 -11.374  0.2628E-60  0.1983E+02
 -11.364  0.1347E+01  0.1985E+02
 -11.354  0.5733E-04  0.1985E+02
 -11.344  0.1610E-05  0.1985E+02
 -11.334  0.1364E+02  0.1998E+02
 -11.324  0.1020E-26  0.1998E+02
 -11.314  0.9774E+00  0.1999E+02
 -11.304  0.1584E-26  0.1999E+02
 -11.294  0.2073E+01  0.2001E+02
 -11.284  0.3762E-59  0.2001E+02
 -11.274  0.4216E-82  0.2001E+02
 -11.264  0.4216E-82  0.2001E+02
 -11.254  0.4216E-82  0.2001E+02
 -11.244  0.4216E-82  0.2001E+02
 -11.234  0.2224E-08  0.2001E+02
 -11.224  0.4258E-09  0.2001E+02
 -11.214  0.4216E-82  0.2001E+02
 -11.204  0.4216E-82  0.2001E+02
 -11.194  0.4216E-82  0.2001E+02
 -11.184  0.4216E-82  0.2001E+02
 -11.174  0.4216E-82  0.2001E+02
 -11.164  0.4216E-82  0.2001E+02
 -11.154  0.4216E-82  0.2001E+02
 -11.144  0.4216E-82  0.2001E+02
 -11.134  0.4216E-82  0.2001E+02
 -11.124  0.4216E-82  0.2001E+02
 -11.114  0.4216E-82  0.2001E+02
 -11.104  0.4216E-82  0.2001E+02
 -11.094  0.4216E-82  0.2001E+02
 -11.084  0.4216E-82  0.2001E+02
 -11.074  0.4216E-82  0.2001E+02
 -11.064  0.4216E-82  0.2001E+02
 -11.054  0.4216E-82  0.2001E+02
 -11.044  0.9587E-46  0.2001E+02
 -11.034  0.5501E+02  0.2056E+02
 -11.024  0.4376E-37  0.2056E+02
 -11.014  0.4353E-01  0.2056E+02
 -11.004  0.6642E-21  0.2056E+02
 -10.994  0.4216E-82  0.2056E+02
 -10.984  0.4216E-82  0.2056E+02
 -10.974  0.4216E-82  0.2056E+02
 -10.964  0.4216E-82  0.2056E+02
 -10.954  0.4310E-82  0.2056E+02
 -10.944  0.2983E-05  0.2056E+02
 -10.934  0.1252E-13  0.2056E+02
 -10.924  0.8790E-42  0.2056E+02
 -10.914  0.7031E+02  0.2127E+02
 -10.904  0.7799E-41  0.2127E+02
 -10.894  0.4216E-82  0.2127E+02
 -10.884  0.4216E-82  0.2127E+02
 -10.874  0.4216E-82  0.2127E+02
 -10.864  0.3610E-18  0.2127E+02
 -10.854  0.3154E-02  0.2127E+02
 -10.844  0.8678E-38  0.2127E+02
 -10.834  0.5943E+02  0.2186E+02
 -10.824  0.5643E-45  0.2186E+02
 -10.814  0.4216E-82  0.2186E+02
 -10.804  0.1563E-62  0.2186E+02
 -10.794  0.5543E+00  0.2187E+02
 -10.784  0.2726E-24  0.2187E+02
 -10.774  0.4216E-82  0.2187E+02
 -10.764  0.4216E-82  0.2187E+02
 -10.754  0.4216E-82  0.2187E+02
 -10.744  0.5388E-17  0.2187E+02
 -10.734  0.8507E-03  0.2187E+02
 -10.724  0.4211E+02  0.2229E+02
 -10.714  0.2705E-35  0.2229E+02
 -10.704  0.4216E-82  0.2229E+02
 -10.694  0.6550E-14  0.2229E+02
 -10.684  0.1476E-01  0.2229E+02
 -10.674  0.1051E-19  0.2229E+02
 -10.664  0.1901E-03  0.2229E+02
 -10.654  0.6272E-02  0.2229E+02
 -10.644  0.1256E-01  0.2229E+02
 -10.634  0.1552E-19  0.2229E+02
 -10.624  0.1349E+01  0.2230E+02
 -10.614  0.4232E-03  0.2230E+02
 -10.604  0.2061E-02  0.2230E+02
 -10.594  0.6603E-74  0.2230E+02
 -10.584  0.2112E-14  0.2230E+02
 -10.574  0.3147E+02  0.2262E+02
 -10.564  0.7425E-34  0.2262E+02
 -10.554  0.4216E-82  0.2262E+02
 -10.544  0.4216E-82  0.2262E+02
 -10.534  0.4216E-82  0.2262E+02
 -10.524  0.7744E-08  0.2262E+02
 -10.514  0.1335E+01  0.2263E+02
 -10.504  0.2492E-60  0.2263E+02
 -10.494  0.1335E-11  0.2263E+02
 -10.484  0.1150E+02  0.2274E+02
 -10.474  0.2809E-23  0.2274E+02
 -10.464  0.2787E+00  0.2275E+02
 -10.454  0.3834E-64  0.2275E+02
 -10.444  0.4126E-03  0.2275E+02
 -10.434  0.2170E-16  0.2275E+02
 -10.424  0.4216E-82  0.2275E+02
 -10.414  0.4216E-82  0.2275E+02
 -10.404  0.1865E-13  0.2275E+02
 -10.394  0.1631E+01  0.2276E+02
 -10.384  0.8442E-60  0.2276E+02
 -10.374  0.4216E-82  0.2276E+02
 -10.364  0.1069E-30  0.2276E+02
 -10.354  0.6433E+01  0.2283E+02
 -10.344  0.2024E-22  0.2283E+02
 -10.334  0.4216E-82  0.2283E+02
 -10.324  0.4216E-82  0.2283E+02
 -10.314  0.4216E-82  0.2283E+02
 -10.304  0.1207E-29  0.2283E+02
 -10.294  0.8679E+01  0.2291E+02
 -10.284  0.8653E-55  0.2291E+02
 -10.274  0.6938E-43  0.2291E+02
 -10.264  0.6827E+02  0.2360E+02
 -10.254  0.1668E-08  0.2360E+02
 -10.244  0.5720E-09  0.2360E+02
 -10.234  0.4216E-82  0.2360E+02
 -10.224  0.4216E-82  0.2360E+02
 -10.214  0.4216E-82  0.2360E+02
 -10.204  0.4216E-82  0.2360E+02
 -10.194  0.4484E-19  0.2360E+02
 -10.184  0.8013E-02  0.2360E+02
 -10.174  0.1985E-71  0.2360E+02
 -10.164  0.1553E-31  0.2360E+02
 -10.154  0.7652E+01  0.2367E+02
 -10.144  0.4387E-48  0.2367E+02
 -10.134  0.4006E+02  0.2407E+02
 -10.124  0.5073E-35  0.2407E+02
 -10.114  0.4216E-82  0.2407E+02
 -10.104  0.4216E-82  0.2407E+02
 -10.094  0.1145E-16  0.2407E+02
 -10.084  0.2005E-03  0.2407E+02
 -10.074  0.3894E-01  0.2408E+02
 -10.064  0.1595E-20  0.2408E+02
 -10.054  0.4267E-01  0.2408E+02
 -10.044  0.3603E-68  0.2408E+02
 -10.034  0.5153E-37  0.2408E+02
 -10.024  0.5453E+02  0.2462E+02
 -10.014  0.3064E-39  0.2462E+02
 -10.004  0.6655E+02  0.2529E+02
  -9.994  0.2004E-43  0.2529E+02
  -9.984  0.4216E-82  0.2529E+02
  -9.974  0.4216E-82  0.2529E+02
  -9.964  0.4216E-82  0.2529E+02
  -9.954  0.2161E-06  0.2529E+02
  -9.944  0.2306E-11  0.2529E+02
  -9.934  0.1756E+01  0.2530E+02
  -9.924  0.2156E-08  0.2530E+02
  -9.914  0.4395E-09  0.2530E+02
  -9.904  0.4216E-82  0.2530E+02
  -9.894  0.4216E-82  0.2530E+02
  -9.884  0.4216E-82  0.2530E+02
  -9.874  0.2668E-58  0.2530E+02
  -9.864  0.2809E+01  0.2533E+02
  -9.854  0.4102E-27  0.2533E+02
  -9.844  0.4216E-82  0.2533E+02
  -9.834  0.1449E-30  0.2533E+02
  -9.824  0.4700E+02  0.2580E+02
  -9.814  0.6488E-49  0.2580E+02
  -9.804  0.4216E-82  0.2580E+02
  -9.794  0.9760E-32  0.2580E+02
  -9.784  0.1793E+02  0.2598E+02
  -9.774  0.1959E-10  0.2598E+02
  -9.764  0.3687E-07  0.2598E+02
  -9.754  0.8474E-29  0.2598E+02
  -9.744  0.2697E+01  0.2601E+02
  -9.734  0.1190E-56  0.2601E+02
  -9.724  0.4216E-82  0.2601E+02
  -9.714  0.5259E-17  0.2601E+02
  -9.704  0.7037E+02  0.2671E+02
  -9.694  0.1016E-41  0.2671E+02
  -9.684  0.4216E-82  0.2671E+02
  -9.674  0.3719E-47  0.2671E+02
  -9.664  0.4609E+02  0.2717E+02
  -9.654  0.7922E-36  0.2717E+02
  -9.644  0.2428E-05  0.2717E+02
  -9.634  0.5561E-01  0.2717E+02
  -9.624  0.1790E-66  0.2717E+02
  -9.614  0.4216E-82  0.2717E+02
  -9.604  0.2311E-26  0.2717E+02
  -9.594  0.2454E+01  0.2720E+02
  -9.584  0.2701E-24  0.2720E+02
  -9.574  0.1375E-43  0.2720E+02
  -9.564  0.6594E+02  0.2786E+02
  -9.554  0.2284E+02  0.2809E+02
  -9.544  0.1089E-04  0.2809E+02
  -9.534  0.6213E+00  0.2809E+02
  -9.524  0.1813E-24  0.2809E+02
  -9.514  0.3797E-14  0.2809E+02
  -9.504  0.2052E-04  0.2809E+02
  -9.494  0.1037E-51  0.2809E+02
  -9.484  0.1951E+02  0.2829E+02
  -9.474  0.5091E-32  0.2829E+02
  -9.464  0.4216E-82  0.2829E+02
  -9.454  0.4216E-82  0.2829E+02
  -9.444  0.4216E-82  0.2829E+02
  -9.434  0.4216E-82  0.2829E+02
  -9.424  0.9752E-14  0.2829E+02
  -9.414  0.3731E+00  0.2829E+02
  -9.404  0.1070E-23  0.2829E+02
  -9.394  0.4216E-82  0.2829E+02
  -9.384  0.4216E-82  0.2829E+02
  -9.374  0.5564E-16  0.2829E+02
  -9.364  0.3316E-02  0.2829E+02
  -9.354  0.3833E-18  0.2829E+02
  -9.344  0.4216E-82  0.2829E+02
  -9.334  0.1005E-05  0.2829E+02
  -9.324  0.3105E-12  0.2829E+02
  -9.314  0.9951E-02  0.2829E+02
  -9.304  0.5081E-71  0.2829E+02
  -9.294  0.4216E-82  0.2829E+02
  -9.284  0.4216E-82  0.2829E+02
  -9.274  0.4216E-82  0.2829E+02
  -9.264  0.2244E-44  0.2829E+02
  -9.254  0.6251E+02  0.2892E+02
  -9.244  0.2017E-04  0.2892E+02
  -9.234  0.1867E-81  0.2892E+02
  -9.224  0.4216E-82  0.2892E+02
  -9.214  0.4216E-82  0.2892E+02
  -9.204  0.4216E-82  0.2892E+02
  -9.194  0.4216E-82  0.2892E+02
  -9.184  0.1093E-29  0.2892E+02
  -9.174  0.9308E+01  0.2901E+02
  -9.164  0.2277E+02  0.2924E+02
  -9.154  0.1456E-32  0.2924E+02
  -9.144  0.4216E-82  0.2924E+02
  -9.134  0.4309E-82  0.2924E+02
  -9.124  0.4948E-05  0.2924E+02
  -9.114  0.3296E-13  0.2924E+02
  -9.104  0.3481E+02  0.2959E+02
  -9.094  0.2091E-17  0.2959E+02
  -9.084  0.8243E+00  0.2959E+02
  -9.074  0.6469E-25  0.2959E+02
  -9.064  0.2241E-40  0.2959E+02
  -9.054  0.3455E+02  0.2994E+02
  -9.044  0.4869E+02  0.3043E+02
  -9.034  0.8754E-10  0.3043E+02
  -9.024  0.9808E-08  0.3043E+02
  -9.014  0.8086E+01  0.3051E+02
  -9.004  0.1183E-18  0.3051E+02
  -8.994  0.5236E-02  0.3051E+02
  -8.984  0.8413E-14  0.3051E+02
  -8.974  0.1231E-04  0.3051E+02
  -8.964  0.4098E+02  0.3092E+02
  -8.954  0.1721E+02  0.3109E+02
  -8.944  0.1324E-31  0.3109E+02
  -8.934  0.4216E-82  0.3109E+02
  -8.924  0.4216E-82  0.3109E+02
  -8.914  0.7376E-39  0.3109E+02
  -8.904  0.3179E+02  0.3141E+02
  -8.894  0.1121E+01  0.3142E+02
  -8.884  0.2754E-05  0.3142E+02
  -8.874  0.7674E-13  0.3142E+02
  -8.864  0.4216E-82  0.3142E+02
  -8.854  0.9508E-38  0.3142E+02
  -8.844  0.5919E+02  0.3201E+02
  -8.834  0.5493E-20  0.3201E+02
  -8.824  0.1920E-01  0.3201E+02
  -8.814  0.5219E-03  0.3201E+02
  -8.804  0.2371E-26  0.3201E+02
  -8.794  0.7998E+00  0.3202E+02
  -8.784  0.6222E-05  0.3202E+02
  -8.774  0.2353E-13  0.3202E+02
  -8.764  0.4216E-82  0.3202E+02
  -8.754  0.1249E-29  0.3202E+02
  -8.744  0.8628E+01  0.3210E+02
  -8.734  0.3926E-01  0.3210E+02
  -8.724  0.2444E-68  0.3210E+02
  -8.714  0.4216E-82  0.3210E+02
  -8.704  0.7106E-49  0.3210E+02
  -8.694  0.3504E+02  0.3246E+02
  -8.684  0.2396E-34  0.3246E+02
  -8.674  0.4216E-82  0.3246E+02
  -8.664  0.1181E-60  0.3246E+02
  -8.654  0.1178E+01  0.3247E+02
  -8.644  0.1630E-25  0.3247E+02
  -8.634  0.4216E-82  0.3247E+02
  -8.624  0.4216E-82  0.3247E+02
  -8.614  0.4216E-82  0.3247E+02
  -8.604  0.4216E-82  0.3247E+02
  -8.594  0.4216E-82  0.3247E+02
  -8.584  0.4216E-82  0.3247E+02
  -8.574  0.4216E-82  0.3247E+02
  -8.564  0.4216E-82  0.3247E+02
  -8.554  0.4563E-21  0.3247E+02
  -8.544  0.5003E-01  0.3247E+02
  -8.534  0.7063E+01  0.3254E+02
  -8.524  0.1426E-07  0.3254E+02
  -8.514  0.4172E+02  0.3296E+02
  -8.504  0.3057E-35  0.3296E+02
  -8.494  0.4216E-82  0.3296E+02
  -8.484  0.4216E-82  0.3296E+02
  -8.474  0.4216E-82  0.3296E+02
  -8.464  0.4216E-82  0.3296E+02
  -8.454  0.4216E-82  0.3296E+02
  -8.444  0.4268E-82  0.3296E+02
  -8.434  0.4259E-05  0.3296E+02
  -8.424  0.4102E-13  0.3296E+02
  -8.414  0.4216E-82  0.3296E+02
  -8.404  0.4216E-82  0.3296E+02
  -8.394  0.4216E-82  0.3296E+02
  -8.384  0.4216E-82  0.3296E+02
  -8.374  0.4216E-82  0.3296E+02
  -8.364  0.7332E-09  0.3296E+02
  -8.354  0.1307E-08  0.3296E+02
  -8.344  0.4216E-82  0.3296E+02
  -8.334  0.4216E-82  0.3296E+02
  -8.324  0.4216E-82  0.3296E+02
  -8.314  0.1847E-14  0.3296E+02
  -8.304  0.2145E+01  0.3298E+02
  -8.294  0.1367E-26  0.3298E+02
  -8.284  0.4544E-19  0.3298E+02
  -8.274  0.7967E-02  0.3298E+02
  -8.264  0.1937E-71  0.3298E+02
  -8.254  0.4216E-82  0.3298E+02
  -8.244  0.4216E-82  0.3298E+02
  -8.234  0.4216E-82  0.3298E+02
  -8.224  0.4216E-82  0.3298E+02
  -8.214  0.4216E-82  0.3298E+02
  -8.204  0.4216E-82  0.3298E+02
  -8.194  0.6818E-12  0.3298E+02
  -8.184  0.5572E-06  0.3298E+02
  -8.174  0.6866E-41  0.3298E+02
  -8.164  0.7036E+02  0.3368E+02
  -8.154  0.9997E-42  0.3368E+02
  -8.144  0.4216E-82  0.3368E+02
  -8.134  0.4216E-82  0.3368E+02
  -8.124  0.1507E-81  0.3368E+02
  -8.114  0.1862E-04  0.3368E+02
  -8.104  0.4424E-14  0.3368E+02
  -8.094  0.4216E-82  0.3368E+02
  -8.084  0.4216E-82  0.3368E+02
  -8.074  0.4216E-82  0.3368E+02
  -8.064  0.4216E-82  0.3368E+02
  -8.054  0.4216E-82  0.3368E+02
  -8.044  0.8313E-78  0.3368E+02
  -8.034  0.2113E-03  0.3368E+02
  -8.024  0.8819E-05  0.3368E+02
  -8.014  0.7002E-02  0.3368E+02
  -8.004  0.1111E-71  0.3368E+02
  -7.994  0.4216E-82  0.3368E+02
  -7.984  0.4216E-82  0.3368E+02
  -7.974  0.4216E-82  0.3368E+02
  -7.964  0.4216E-82  0.3368E+02
  -7.954  0.4923E-58  0.3368E+02
  -7.944  0.3082E+01  0.3371E+02
  -7.934  0.2675E-27  0.3371E+02
  -7.924  0.4216E-82  0.3371E+02
  -7.914  0.4216E-82  0.3371E+02
  -7.904  0.4216E-82  0.3371E+02
  -7.894  0.4216E-82  0.3371E+02
  -7.884  0.4216E-82  0.3371E+02
  -7.874  0.5595E-38  0.3371E+02
  -7.864  0.6053E+02  0.3432E+02
  -7.854  0.9162E-02  0.3432E+02
  -7.844  0.3546E-71  0.3432E+02
  -7.834  0.4216E-82  0.3432E+02
  -7.824  0.4216E-82  0.3432E+02
  -7.814  0.1377E-27  0.3432E+02
  -7.804  0.3548E+01  0.3435E+02
  -7.794  0.1268E-57  0.3435E+02
  -7.784  0.2276E-34  0.3435E+02
  -7.774  0.3521E+02  0.3470E+02
  -7.764  0.7550E-49  0.3470E+02
  -7.754  0.4216E-82  0.3470E+02
  -7.744  0.4216E-82  0.3470E+02
  -7.734  0.4216E-82  0.3470E+02
  -7.724  0.1163E-14  0.3470E+02
  -7.714  0.4279E-04  0.3470E+02
  -7.704  0.2997E+01  0.3473E+02
  -7.694  0.1224E-16  0.3473E+02
  -7.684  0.4216E-82  0.3473E+02
  -7.674  0.4216E-82  0.3473E+02
  -7.664  0.4216E-82  0.3473E+02
  -7.654  0.4216E-82  0.3473E+02
  -7.644  0.4965E-21  0.3473E+02
  -7.634  0.1871E-01  0.3473E+02
  -7.624  0.2838E+02  0.3502E+02
  -7.614  0.5448E-50  0.3502E+02
  -7.604  0.4216E-82  0.3502E+02
  -7.594  0.4216E-82  0.3502E+02
  -7.584  0.2915E-31  0.3502E+02
  -7.574  0.1544E+02  0.3517E+02
  -7.564  0.1341E-09  0.3517E+02
  -7.554  0.6633E-08  0.3517E+02
  -7.544  0.5147E+00  0.3518E+02
  -7.534  0.1757E+01  0.3520E+02
  -7.524  0.4023E-05  0.3520E+02
  -7.514  0.2236E+00  0.3520E+02
  -7.504  0.5696E-23  0.3520E+02
  -7.494  0.4216E-82  0.3520E+02
  -7.484  0.4216E-82  0.3520E+02
  -7.474  0.4216E-82  0.3520E+02
  -7.464  0.4216E-82  0.3520E+02
  -7.454  0.4216E-82  0.3520E+02
  -7.444  0.4318E-82  0.3520E+02
  -7.434  0.5066E-05  0.3520E+02
  -7.424  0.3184E-13  0.3520E+02
  -7.414  0.4216E-82  0.3520E+02
  -7.404  0.4216E-82  0.3520E+02
  -7.394  0.4216E-82  0.3520E+02
  -7.384  0.4216E-82  0.3520E+02
  -7.374  0.4216E-82  0.3520E+02
  -7.364  0.4216E-82  0.3520E+02
  -7.354  0.4216E-82  0.3520E+02
  -7.344  0.4216E-82  0.3520E+02
  -7.334  0.4216E-82  0.3520E+02
  -7.324  0.2314E-09  0.3520E+02
  -7.314  0.3983E-08  0.3520E+02
  -7.304  0.4983E-03  0.3520E+02
  -7.294  0.1749E-75  0.3520E+02
  -7.284  0.4216E-82  0.3520E+02
  -7.274  0.4216E-82  0.3520E+02
  -7.264  0.4216E-82  0.3520E+02
  -7.254  0.1049E-53  0.3520E+02
  -7.244  0.1177E+02  0.3532E+02
  -7.234  0.1840E-10  0.3532E+02
  -7.224  0.3892E-07  0.3532E+02
  -7.214  0.3872E-01  0.3532E+02
  -7.204  0.2293E-68  0.3532E+02
  -7.194  0.4216E-82  0.3532E+02
  -7.184  0.4216E-82  0.3532E+02
  -7.174  0.6005E-61  0.3532E+02
  -7.164  0.1051E+01  0.3533E+02
  -7.154  0.2550E-25  0.3533E+02
  -7.144  0.4216E-82  0.3533E+02
  -7.134  0.4201E-71  0.3533E+02
  -7.124  0.9526E-02  0.3533E+02
  -7.114  0.3632E-18  0.3533E+02
  -7.104  0.1184E-02  0.3533E+02
  -7.094  0.5830E-74  0.3533E+02
  -7.084  0.4216E-82  0.3533E+02
  -7.074  0.4216E-82  0.3533E+02
  -7.064  0.4216E-82  0.3533E+02
  -7.054  0.9089E-66  0.3533E+02
  -7.044  0.1342E+00  0.3533E+02
  -7.034  0.2746E-22  0.3533E+02
  -7.024  0.4216E-82  0.3533E+02
  -7.014  0.4216E-82  0.3533E+02
  -7.004  0.4216E-82  0.3533E+02
  -6.994  0.4216E-82  0.3533E+02
  -6.984  0.1893E-66  0.3533E+02
  -6.974  0.9770E-01  0.3533E+02
  -6.964  0.6989E-22  0.3533E+02
  -6.954  0.4216E-82  0.3533E+02
  -6.944  0.4216E-82  0.3533E+02
  -6.934  0.4216E-82  0.3533E+02
  -6.924  0.4216E-82  0.3533E+02
  -6.914  0.4216E-82  0.3533E+02
  -6.904  0.4216E-82  0.3533E+02
  -6.894  0.4216E-82  0.3533E+02
  -6.884  0.4216E-82  0.3533E+02
  -6.874  0.4216E-82  0.3533E+02
  -6.864  0.4216E-82  0.3533E+02
  -6.854  0.1009E-67  0.3533E+02
  -6.844  0.5311E-01  0.3533E+02
  -6.834  0.3878E-21  0.3533E+02
  -6.824  0.4216E-82  0.3533E+02
  -6.814  0.4216E-82  0.3533E+02
  -6.804  0.4216E-82  0.3533E+02
  -6.794  0.4216E-82  0.3533E+02
  -6.784  0.4216E-82  0.3533E+02
  -6.774  0.4216E-82  0.3533E+02
  -6.764  0.4216E-82  0.3533E+02
  -6.754  0.4216E-82  0.3533E+02
  -6.744  0.4216E-82  0.3533E+02
  -6.734  0.4216E-82  0.3533E+02
  -6.724  0.4216E-82  0.3533E+02
  -6.714  0.4702E-10  0.3533E+02
  -6.704  0.1715E-07  0.3533E+02
  -6.694  0.4216E-82  0.3533E+02
  -6.684  0.4216E-82  0.3533E+02
  -6.674  0.4216E-82  0.3533E+02
  -6.664  0.4216E-82  0.3533E+02
  -6.654  0.4216E-82  0.3533E+02
  -6.644  0.4216E-82  0.3533E+02
  -6.634  0.1178E-12  0.3533E+02
  -6.624  0.2033E-05  0.3533E+02
  -6.614  0.4216E-82  0.3533E+02
  -6.604  0.8404E-13  0.3533E+02
  -6.594  0.1329E+02  0.3546E+02
  -6.584  0.4440E-01  0.3546E+02
  -6.574  0.2317E+02  0.3569E+02
  -6.564  0.5218E-32  0.3569E+02
  -6.554  0.2014E+02  0.3590E+02
  -6.544  0.4058E-01  0.3590E+02
  -6.534  0.4360E-01  0.3590E+02
  -6.524  0.3987E-68  0.3590E+02
  -6.514  0.4216E-82  0.3590E+02
  -6.504  0.4216E-82  0.3590E+02
  -6.494  0.4216E-82  0.3590E+02
  -6.484  0.4216E-82  0.3590E+02
  -6.474  0.4216E-82  0.3590E+02
  -6.464  0.4216E-82  0.3590E+02
  -6.454  0.4216E-82  0.3590E+02
  -6.444  0.4216E-82  0.3590E+02
  -6.434  0.2691E-17  0.3590E+02
  -6.424  0.1205E-02  0.3590E+02
  -6.414  0.1197E-17  0.3590E+02
  -6.404  0.3324E+01  0.3593E+02
  -6.394  0.8130E-58  0.3593E+02
  -6.384  0.7724E-30  0.3593E+02
  -6.374  0.9352E+01  0.3602E+02
  -6.364  0.1570E-54  0.3602E+02
  -6.354  0.1973E-01  0.3602E+02
  -6.344  0.1055E+00  0.3602E+02
  -6.334  0.5583E-22  0.3602E+02
  -6.324  0.4216E-82  0.3602E+02
  -6.314  0.1314E-11  0.3602E+02
  -6.304  0.3363E-06  0.3602E+02
  -6.294  0.4216E-82  0.3602E+02
  -6.284  0.2993E-12  0.3602E+02
  -6.274  0.1033E-05  0.3602E+02
  -6.264  0.1092E-52  0.3602E+02
  -6.254  0.1538E+02  0.3618E+02
  -6.244  0.3001E-31  0.3618E+02
  -6.234  0.4889E+02  0.3667E+02
  -6.224  0.4294E-01  0.3667E+02
  -6.214  0.1672E-02  0.3667E+02
  -6.204  0.2434E-73  0.3667E+02
  -6.194  0.4216E-82  0.3667E+02
  -6.184  0.5525E-26  0.3667E+02
  -6.174  0.1541E+01  0.3668E+02
  -6.164  0.5962E-60  0.3668E+02
  -6.154  0.4216E-82  0.3668E+02
  -6.144  0.4216E-82  0.3668E+02
  -6.134  0.4216E-82  0.3668E+02
  -6.124  0.2858E-31  0.3668E+02
  -6.114  0.1548E+02  0.3684E+02
  -6.104  0.1163E-52  0.3684E+02
  -6.094  0.4216E-82  0.3684E+02
  -6.084  0.4216E-82  0.3684E+02
  -6.074  0.4216E-82  0.3684E+02
  -6.064  0.4216E-82  0.3684E+02
  -6.054  0.4216E-82  0.3684E+02
  -6.044  0.4216E-82  0.3684E+02
  -6.034  0.4216E-82  0.3684E+02
  -6.024  0.4216E-82  0.3684E+02
  -6.014  0.4216E-82  0.3684E+02
  -6.004  0.4216E-82  0.3684E+02
  -5.994  0.4216E-82  0.3684E+02
  -5.984  0.4216E-82  0.3684E+02
  -5.974  0.4216E-82  0.3684E+02
  -5.964  0.4216E-82  0.3684E+02
  -5.954  0.1209E-80  0.3684E+02
  -5.944  0.3602E-04  0.3684E+02
  -5.934  0.1541E-14  0.3684E+02
  -5.924  0.4216E-82  0.3684E+02
  -5.914  0.4216E-82  0.3684E+02
  -5.904  0.4216E-82  0.3684E+02
  -5.894  0.4216E-82  0.3684E+02
  -5.884  0.4216E-82  0.3684E+02
  -5.874  0.6227E-24  0.3684E+02
  -5.864  0.4374E+00  0.3684E+02
  -5.854  0.4260E-63  0.3684E+02
  -5.844  0.4216E-82  0.3684E+02
  -5.834  0.4216E-82  0.3684E+02
  -5.824  0.4216E-82  0.3684E+02
  -5.814  0.4216E-82  0.3684E+02
  -5.804  0.4216E-82  0.3684E+02
  -5.794  0.4216E-82  0.3684E+02
  -5.784  0.4216E-82  0.3684E+02
  -5.774  0.4216E-82  0.3684E+02
  -5.764  0.4216E-82  0.3684E+02
  -5.754  0.4216E-82  0.3684E+02
  -5.744  0.4216E-82  0.3684E+02
  -5.734  0.4216E-82  0.3684E+02
  -5.724  0.4216E-82  0.3684E+02
  -5.714  0.4216E-82  0.3684E+02
  -5.704  0.8645E-06  0.3684E+02
  -5.694  0.3804E-12  0.3684E+02
  -5.684  0.4216E-82  0.3684E+02
  -5.674  0.4216E-82  0.3684E+02
  -5.664  0.4216E-82  0.3684E+02
  -5.654  0.4216E-82  0.3684E+02
  -5.644  0.7258E-12  0.3684E+02
  -5.634  0.5313E-06  0.3684E+02
  -5.624  0.4216E-82  0.3684E+02
  -5.614  0.4216E-82  0.3684E+02
  -5.604  0.4216E-82  0.3684E+02
  -5.594  0.4216E-82  0.3684E+02
  -5.584  0.4216E-82  0.3684E+02
  -5.574  0.4216E-82  0.3684E+02
  -5.564  0.4216E-82  0.3684E+02
  -5.554  0.4216E-82  0.3684E+02
  -5.544  0.4216E-82  0.3684E+02
  -5.534  0.4216E-82  0.3684E+02
  -5.524  0.4216E-82  0.3684E+02
  -5.514  0.4216E-82  0.3684E+02
  -5.504  0.4216E-82  0.3684E+02
  -5.494  0.4216E-82  0.3684E+02
  -5.484  0.4216E-82  0.3684E+02
  -5.474  0.4216E-82  0.3684E+02
  -5.464  0.1384E-26  0.3684E+02
  -5.454  0.2139E+01  0.3686E+02
  -5.444  0.1772E-16  0.3686E+02
  -5.434  0.4216E-82  0.3686E+02
  -5.424  0.4216E-82  0.3686E+02
  -5.414  0.4216E-82  0.3686E+02
  -5.404  0.4216E-82  0.3686E+02
  -5.394  0.4216E-82  0.3686E+02
  -5.384  0.4216E-82  0.3686E+02
  -5.374  0.4216E-82  0.3686E+02
  -5.364  0.4216E-82  0.3686E+02
  -5.354  0.4216E-82  0.3686E+02
  -5.344  0.4216E-82  0.3686E+02
  -5.334  0.1826E-39  0.3686E+02
  -5.324  0.6736E+02  0.3754E+02
  -5.314  0.3445E-43  0.3754E+02
  -5.304  0.4216E-82  0.3754E+02
  -5.294  0.4216E-82  0.3754E+02
  -5.284  0.4953E-08  0.3754E+02
  -5.274  0.4329E-10  0.3754E+02
  -5.264  0.4216E-82  0.3754E+02
  -5.254  0.4216E-82  0.3754E+02
  -5.244  0.4216E-82  0.3754E+02
  -5.234  0.4216E-82  0.3754E+02
  -5.224  0.5557E-82  0.3754E+02
  -5.214  0.1034E-04  0.3754E+02
  -5.204  0.1097E-13  0.3754E+02
  -5.194  0.4216E-82  0.3754E+02
  -5.184  0.4216E-82  0.3754E+02
  -5.174  0.4216E-82  0.3754E+02
  -5.164  0.4216E-82  0.3754E+02
  -5.154  0.4216E-82  0.3754E+02
  -5.144  0.4216E-82  0.3754E+02
  -5.134  0.4216E-82  0.3754E+02
  -5.124  0.4216E-82  0.3754E+02
  -5.114  0.4216E-82  0.3754E+02
  -5.104  0.4216E-82  0.3754E+02
  -5.094  0.4216E-82  0.3754E+02
  -5.084  0.4216E-82  0.3754E+02
  -5.074  0.4216E-82  0.3754E+02
  -5.064  0.4216E-82  0.3754E+02
  -5.054  0.4216E-82  0.3754E+02
  -5.044  0.4216E-82  0.3754E+02
  -5.034  0.4216E-82  0.3754E+02
  -5.024  0.4216E-82  0.3754E+02
  -5.014  0.4216E-82  0.3754E+02
  -5.004  0.4216E-82  0.3754E+02
  -4.994  0.4216E-82  0.3754E+02
  -4.984  0.4216E-82  0.3754E+02
  -4.974  0.3618E-42  0.3754E+02
  -4.964  0.6984E+02  0.3824E+02
  -4.954  0.1869E-40  0.3824E+02
  -4.944  0.4216E-82  0.3824E+02
  -4.934  0.4216E-82  0.3824E+02
  -4.924  0.4216E-82  0.3824E+02
  -4.914  0.4216E-82  0.3824E+02
  -4.904  0.4216E-82  0.3824E+02
  -4.894  0.4216E-82  0.3824E+02
  -4.884  0.4216E-82  0.3824E+02
  -4.874  0.4216E-82  0.3824E+02
  -4.864  0.4216E-82  0.3824E+02
  -4.854  0.4216E-82  0.3824E+02
  -4.844  0.4216E-82  0.3824E+02
  -4.834  0.4216E-82  0.3824E+02
  -4.824  0.4216E-82  0.3824E+02
  -4.814  0.4216E-82  0.3824E+02
  -4.804  0.4216E-82  0.3824E+02
  -4.794  0.4216E-82  0.3824E+02
  -4.784  0.4216E-82  0.3824E+02
  -4.774  0.4216E-82  0.3824E+02
  -4.764  0.4216E-82  0.3824E+02
  -4.754  0.4216E-82  0.3824E+02
  -4.744  0.4216E-82  0.3824E+02
  -4.734  0.4216E-82  0.3824E+02
  -4.724  0.5301E-06  0.3824E+02
  -4.714  0.7280E-12  0.3824E+02
  -4.704  0.4216E-82  0.3824E+02
  -4.694  0.4216E-82  0.3824E+02
  -4.684  0.4216E-82  0.3824E+02
  -4.674  0.4216E-82  0.3824E+02
  -4.664  0.4216E-82  0.3824E+02
  -4.654  0.4216E-82  0.3824E+02
  -4.644  0.4216E-82  0.3824E+02
  -4.634  0.4216E-82  0.3824E+02
  -4.624  0.4216E-82  0.3824E+02
  -4.614  0.4216E-82  0.3824E+02
  -4.604  0.4216E-82  0.3824E+02
  -4.594  0.4216E-82  0.3824E+02
  -4.584  0.4216E-82  0.3824E+02
  -4.574  0.4216E-82  0.3824E+02
  -4.564  0.4216E-82  0.3824E+02
  -4.554  0.4216E-82  0.3824E+02
  -4.544  0.4216E-82  0.3824E+02
  -4.534  0.4216E-82  0.3824E+02
  -4.524  0.4216E-82  0.3824E+02
  -4.514  0.4216E-82  0.3824E+02
  -4.504  0.4216E-82  0.3824E+02
  -4.494  0.1853E-73  0.3824E+02
  -4.484  0.2649E-02  0.3824E+02
  -4.474  0.5250E-18  0.3824E+02
  -4.464  0.4216E-82  0.3824E+02
  -4.454  0.4216E-82  0.3824E+02
  -4.444  0.4216E-82  0.3824E+02
  -4.434  0.4216E-82  0.3824E+02
  -4.424  0.4216E-82  0.3824E+02
  -4.414  0.4216E-82  0.3824E+02
  -4.404  0.4216E-82  0.3824E+02
  -4.394  0.4216E-82  0.3824E+02
  -4.384  0.4216E-82  0.3824E+02
  -4.374  0.4216E-82  0.3824E+02
  -4.364  0.4216E-82  0.3824E+02
  -4.354  0.4216E-82  0.3824E+02
  -4.344  0.4216E-82  0.3824E+02
  -4.334  0.4216E-82  0.3824E+02
  -4.324  0.4216E-82  0.3824E+02
  -4.314  0.4216E-82  0.3824E+02
  -4.304  0.4216E-82  0.3824E+02
  -4.294  0.4216E-82  0.3824E+02
  -4.284  0.4216E-82  0.3824E+02
  -4.274  0.4216E-82  0.3824E+02
  -4.264  0.1466E-37  0.3824E+02
  -4.254  0.5805E+02  0.3882E+02
  -4.244  0.3187E-45  0.3882E+02
  -4.234  0.4216E-82  0.3882E+02
  -4.224  0.4216E-82  0.3882E+02
  -4.214  0.4216E-82  0.3882E+02
  -4.204  0.4216E-82  0.3882E+02
  -4.194  0.4216E-82  0.3882E+02
  -4.184  0.4216E-82  0.3882E+02
  -4.174  0.4216E-82  0.3882E+02
  -4.164  0.4216E-82  0.3882E+02
  -4.154  0.4216E-82  0.3882E+02
  -4.144  0.4216E-82  0.3882E+02
  -4.134  0.4216E-82  0.3882E+02
  -4.124  0.4216E-82  0.3882E+02
  -4.114  0.4216E-82  0.3882E+02
  -4.104  0.4216E-82  0.3882E+02
  -4.094  0.4216E-82  0.3882E+02
  -4.084  0.4216E-82  0.3882E+02
  -4.074  0.6552E-68  0.3882E+02
  -4.064  0.4847E-01  0.3882E+02
  -4.054  0.4972E-21  0.3882E+02
  -4.044  0.4216E-82  0.3882E+02
  -4.034  0.4216E-82  0.3882E+02
  -4.024  0.4216E-82  0.3882E+02
  -4.014  0.4216E-82  0.3882E+02
  -4.004  0.4216E-82  0.3882E+02
  -3.994  0.4216E-82  0.3882E+02
  -3.984  0.3447E-75  0.3882E+02
  -3.974  0.5903E-03  0.3882E+02
  -3.964  0.1402E-17  0.3882E+02
  -3.954  0.4216E-82  0.3882E+02
  -3.944  0.4216E-82  0.3882E+02
  -3.934  0.4216E-82  0.3882E+02
  -3.924  0.4216E-82  0.3882E+02
  -3.914  0.4216E-82  0.3882E+02
  -3.904  0.4216E-82  0.3882E+02
  -3.894  0.4216E-82  0.3882E+02
  -3.884  0.4216E-82  0.3882E+02
  -3.874  0.4216E-82  0.3882E+02
  -3.864  0.4216E-82  0.3882E+02
  -3.854  0.4216E-82  0.3882E+02
  -3.844  0.4216E-82  0.3882E+02
  -3.834  0.4216E-82  0.3882E+02
  -3.824  0.4216E-82  0.3882E+02
  -3.814  0.4216E-82  0.3882E+02
  -3.804  0.4216E-82  0.3882E+02
  -3.794  0.4216E-82  0.3882E+02
  -3.784  0.4216E-82  0.3882E+02
  -3.774  0.4216E-82  0.3882E+02
  -3.764  0.4216E-82  0.3882E+02
  -3.754  0.4216E-82  0.3882E+02
  -3.744  0.4216E-82  0.3882E+02
  -3.734  0.4216E-82  0.3882E+02
  -3.724  0.4216E-82  0.3882E+02
  -3.714  0.4216E-82  0.3882E+02
  -3.704  0.4216E-82  0.3882E+02
  -3.694  0.4216E-82  0.3882E+02
  -3.684  0.4216E-82  0.3882E+02
  -3.674  0.4216E-82  0.3882E+02
  -3.664  0.4216E-82  0.3882E+02
  -3.654  0.4216E-82  0.3882E+02
  -3.644  0.4216E-82  0.3882E+02
  -3.634  0.4216E-82  0.3882E+02
  -3.624  0.4216E-82  0.3882E+02
  -3.614  0.4216E-82  0.3882E+02
  -3.604  0.4216E-82  0.3882E+02
  -3.594  0.4216E-82  0.3882E+02
  -3.584  0.4216E-82  0.3882E+02
  -3.574  0.4216E-82  0.3882E+02
  -3.564  0.4216E-82  0.3882E+02
  -3.554  0.4216E-82  0.3882E+02
  -3.544  0.4216E-82  0.3882E+02
  -3.534  0.4216E-82  0.3882E+02
  -3.524  0.4216E-82  0.3882E+02
  -3.514  0.4216E-82  0.3882E+02
  -3.504  0.4216E-82  0.3882E+02
  -3.494  0.4216E-82  0.3882E+02
  -3.484  0.4216E-82  0.3882E+02
  -3.474  0.4216E-82  0.3882E+02
  -3.464  0.4216E-82  0.3882E+02
  -3.454  0.4216E-82  0.3882E+02
  -3.444  0.4216E-82  0.3882E+02
  -3.434  0.4216E-82  0.3882E+02
  -3.424  0.4216E-82  0.3882E+02
  -3.414  0.4216E-82  0.3882E+02
  -3.404  0.4106E-38  0.3882E+02
  -3.394  0.2979E+02  0.3911E+02
  -3.384  0.2996E-45  0.3911E+02
  -3.374  0.4216E-82  0.3911E+02
  -3.364  0.4216E-82  0.3911E+02
  -3.354  0.4216E-82  0.3911E+02
  -3.344  0.4216E-82  0.3911E+02
  -3.334  0.4216E-82  0.3911E+02
  -3.324  0.4216E-82  0.3911E+02
  -3.314  0.2746E-15  0.3911E+02
  -3.304  0.1008E-03  0.3911E+02
  -3.294  0.5140E-79  0.3911E+02
  -3.284  0.4216E-82  0.3911E+02
  -3.274  0.4216E-82  0.3911E+02
  -3.264  0.4216E-82  0.3911E+02
  -3.254  0.4216E-82  0.3911E+02
  -3.244  0.4216E-82  0.3911E+02
  -3.234  0.4216E-82  0.3911E+02
  -3.224  0.4216E-82  0.3911E+02
  -3.214  0.4216E-82  0.3911E+02
  -3.204  0.4216E-82  0.3911E+02
  -3.194  0.4216E-82  0.3911E+02
  -3.184  0.4216E-82  0.3911E+02
  -3.174  0.4216E-82  0.3911E+02
  -3.164  0.4216E-82  0.3911E+02
  -3.154  0.4216E-82  0.3911E+02
  -3.144  0.4216E-82  0.3911E+02
  -3.134  0.3665E-26  0.3911E+02
  -3.124  0.1702E+01  0.3913E+02
  -3.114  0.1095E-59  0.3913E+02
  -3.104  0.4216E-82  0.3913E+02
  -3.094  0.4216E-82  0.3913E+02
  -3.084  0.4216E-82  0.3913E+02
  -3.074  0.4216E-82  0.3913E+02
  -3.064  0.4216E-82  0.3913E+02
  -3.054  0.4216E-82  0.3913E+02
  -3.044  0.4216E-82  0.3913E+02
  -3.034  0.4216E-82  0.3913E+02
  -3.024  0.4216E-82  0.3913E+02
  -3.014  0.4216E-82  0.3913E+02
  -3.004  0.4216E-82  0.3913E+02
  -2.994  0.4216E-82  0.3913E+02
  -2.984  0.4216E-82  0.3913E+02
  -2.974  0.4216E-82  0.3913E+02
  -2.964  0.4216E-82  0.3913E+02
  -2.954  0.4216E-82  0.3913E+02
  -2.944  0.4216E-82  0.3913E+02
  -2.934  0.4216E-82  0.3913E+02
  -2.924  0.2041E-14  0.3913E+02
  -2.914  0.3029E-04  0.3913E+02
  -2.904  0.6652E-81  0.3913E+02
  -2.894  0.4216E-82  0.3913E+02
  -2.884  0.4216E-82  0.3913E+02
  -2.874  0.4216E-82  0.3913E+02
  -2.864  0.4216E-82  0.3913E+02
  -2.854  0.4216E-82  0.3913E+02
  -2.844  0.4216E-82  0.3913E+02
  -2.834  0.4216E-82  0.3913E+02
  -2.824  0.4216E-82  0.3913E+02
  -2.814  0.4216E-82  0.3913E+02
  -2.804  0.4216E-82  0.3913E+02
  -2.794  0.4216E-82  0.3913E+02
  -2.784  0.4216E-82  0.3913E+02
  -2.774  0.4216E-82  0.3913E+02
  -2.764  0.4216E-82  0.3913E+02
  -2.754  0.4216E-82  0.3913E+02
  -2.744  0.4216E-82  0.3913E+02
  -2.734  0.4216E-82  0.3913E+02
  -2.724  0.4216E-82  0.3913E+02
  -2.714  0.3751E-50  0.3913E+02
  -2.704  0.2746E+02  0.3941E+02
  -2.694  0.2787E-33  0.3941E+02
  -2.684  0.4216E-82  0.3941E+02
  -2.674  0.4216E-82  0.3941E+02
  -2.664  0.4216E-82  0.3941E+02
  -2.654  0.4216E-82  0.3941E+02
  -2.644  0.4216E-82  0.3941E+02
  -2.634  0.4216E-82  0.3941E+02
  -2.624  0.4216E-82  0.3941E+02
  -2.614  0.4216E-82  0.3941E+02
  -2.604  0.4216E-82  0.3941E+02
  -2.594  0.4216E-82  0.3941E+02
  -2.584  0.4216E-82  0.3941E+02
  -2.574  0.4216E-82  0.3941E+02
  -2.564  0.4216E-82  0.3941E+02
  -2.554  0.4216E-82  0.3941E+02
  -2.544  0.4216E-82  0.3941E+02
  -2.534  0.4216E-82  0.3941E+02
  -2.524  0.4216E-82  0.3941E+02
  -2.514  0.4216E-82  0.3941E+02
  -2.504  0.4216E-82  0.3941E+02
  -2.494  0.1334E-17  0.3941E+02
  -2.484  0.1699E-02  0.3941E+02
  -2.474  0.2999E-74  0.3941E+02
  -2.464  0.4216E-82  0.3941E+02
  -2.454  0.4216E-82  0.3941E+02
  -2.444  0.4216E-82  0.3941E+02
  -2.434  0.4216E-82  0.3941E+02
  -2.424  0.4216E-82  0.3941E+02
  -2.414  0.4216E-82  0.3941E+02
  -2.404  0.4216E-82  0.3941E+02
  -2.394  0.4216E-82  0.3941E+02
  -2.384  0.4216E-82  0.3941E+02
  -2.374  0.4216E-82  0.3941E+02
  -2.364  0.4216E-82  0.3941E+02
  -2.354  0.4216E-82  0.3941E+02
  -2.344  0.4216E-82  0.3941E+02
  -2.334  0.4216E-82  0.3941E+02
  -2.324  0.4216E-82  0.3941E+02
  -2.314  0.4216E-82  0.3941E+02
  -2.304  0.4216E-82  0.3941E+02
  -2.294  0.3640E-22  0.3941E+02
  -2.284  0.4817E-01  0.3941E+02
  -2.274  0.3834E+01  0.3944E+02
  -2.264  0.9475E-28  0.3944E+02
  -2.254  0.4216E-82  0.3944E+02
  -2.244  0.2440E-25  0.3944E+02
  -2.234  0.1063E+01  0.3946E+02
  -2.224  0.6418E-61  0.3946E+02
  -2.214  0.4216E-82  0.3946E+02
  -2.204  0.4216E-82  0.3946E+02
  -2.194  0.4216E-82  0.3946E+02
  -2.184  0.4216E-82  0.3946E+02
  -2.174  0.4216E-82  0.3946E+02
  -2.164  0.4216E-82  0.3946E+02
  -2.154  0.4216E-82  0.3946E+02
  -2.144  0.4216E-82  0.3946E+02
  -2.134  0.4216E-82  0.3946E+02
  -2.124  0.4216E-82  0.3946E+02
  -2.114  0.4216E-82  0.3946E+02
  -2.104  0.3445E-49  0.3946E+02
  -2.094  0.3310E+02  0.3979E+02
  -2.084  0.4410E-34  0.3979E+02
  -2.074  0.4216E-82  0.3979E+02
  -2.064  0.2954E-11  0.3979E+02
  -2.054  0.1774E-06  0.3979E+02
  -2.044  0.4216E-82  0.3979E+02
  -2.034  0.4216E-82  0.3979E+02
  -2.024  0.4216E-82  0.3979E+02
  -2.014  0.4216E-82  0.3979E+02
  -2.004  0.4216E-82  0.3979E+02
  -1.994  0.4216E-82  0.3979E+02
  -1.984  0.4216E-82  0.3979E+02
  -1.974  0.4216E-82  0.3979E+02
  -1.964  0.4216E-82  0.3979E+02
  -1.954  0.4216E-82  0.3979E+02
  -1.944  0.4216E-82  0.3979E+02
  -1.934  0.4216E-82  0.3979E+02
  -1.924  0.4216E-82  0.3979E+02
  -1.914  0.4216E-82  0.3979E+02
  -1.904  0.4216E-82  0.3979E+02
  -1.894  0.4216E-82  0.3979E+02
  -1.884  0.1245E-14  0.3979E+02
  -1.874  0.4105E-04  0.3979E+02
  -1.864  0.1919E-80  0.3979E+02
  -1.854  0.7925E-30  0.3979E+02
  -1.844  0.9312E+01  0.3988E+02
  -1.834  0.1517E-54  0.3988E+02
  -1.824  0.1042E-36  0.3988E+02
  -1.814  0.2516E+02  0.4013E+02
  -1.804  0.4123E+02  0.4054E+02
  -1.794  0.3547E-35  0.4054E+02
  -1.784  0.4216E-82  0.4054E+02
  -1.774  0.8056E-06  0.4054E+02
  -1.764  0.4181E-12  0.4054E+02
  -1.754  0.4216E-82  0.4054E+02
  -1.744  0.4216E-82  0.4054E+02
  -1.734  0.4216E-82  0.4054E+02
  -1.724  0.3661E-32  0.4054E+02
  -1.714  0.2035E+02  0.4075E+02
  -1.704  0.1568E-51  0.4075E+02
  -1.694  0.4216E-82  0.4075E+02
  -1.684  0.4216E-82  0.4075E+02
  -1.674  0.4216E-82  0.4075E+02
  -1.664  0.4216E-82  0.4075E+02
  -1.654  0.7121E-68  0.4075E+02
  -1.644  0.4934E-01  0.4075E+02
  -1.634  0.1063E+02  0.4085E+02
  -1.624  0.3504E-30  0.4085E+02
  -1.614  0.2474E-01  0.4085E+02
  -1.604  0.2902E-20  0.4085E+02
  -1.594  0.4216E-82  0.4085E+02
  -1.584  0.4216E-82  0.4085E+02
  -1.574  0.4216E-82  0.4085E+02
  -1.564  0.5111E-74  0.4085E+02
  -1.554  0.1936E-02  0.4085E+02
  -1.544  0.1017E-17  0.4085E+02
  -1.534  0.4216E-82  0.4085E+02
  -1.524  0.4216E-82  0.4085E+02
  -1.514  0.4216E-82  0.4085E+02
  -1.504  0.4216E-82  0.4085E+02
  -1.494  0.4216E-82  0.4085E+02
  -1.484  0.4216E-82  0.4085E+02
  -1.474  0.4216E-82  0.4085E+02
  -1.464  0.4216E-82  0.4085E+02
  -1.454  0.2802E-22  0.4085E+02
  -1.444  0.1333E+00  0.4086E+02
  -1.434  0.8785E-66  0.4086E+02
  -1.424  0.1858E-07  0.4086E+02
  -1.414  0.4296E-10  0.4086E+02
  -1.404  0.4216E-82  0.4086E+02
  -1.394  0.4216E-82  0.4086E+02
  -1.384  0.4216E-82  0.4086E+02
  -1.374  0.4216E-82  0.4086E+02
  -1.364  0.4216E-82  0.4086E+02
  -1.354  0.4216E-82  0.4086E+02
  -1.344  0.1191E-62  0.4086E+02
  -1.334  0.5277E+00  0.4086E+02
  -1.324  0.3243E-24  0.4086E+02
  -1.314  0.2082E-02  0.4086E+02
  -1.304  0.8739E-18  0.4086E+02
  -1.294  0.4216E-82  0.4086E+02
  -1.284  0.4216E-82  0.4086E+02
  -1.274  0.4216E-82  0.4086E+02
  -1.264  0.4216E-82  0.4086E+02
  -1.254  0.4216E-82  0.4086E+02
  -1.244  0.4216E-82  0.4086E+02
  -1.234  0.4216E-82  0.4086E+02
  -1.224  0.4090E-75  0.4086E+02
  -1.214  0.1036E-02  0.4086E+02
  -1.204  0.2584E+02  0.4112E+02
  -1.194  0.1905E-50  0.4112E+02
  -1.184  0.4216E-82  0.4112E+02
  -1.174  0.4216E-82  0.4112E+02
  -1.164  0.4216E-82  0.4112E+02
  -1.154  0.4216E-82  0.4112E+02
  -1.144  0.4216E-82  0.4112E+02
  -1.134  0.4216E-82  0.4112E+02
  -1.124  0.4216E-82  0.4112E+02
  -1.114  0.4216E-82  0.4112E+02
  -1.104  0.4216E-82  0.4112E+02
  -1.094  0.2761E-14  0.4112E+02
  -1.084  0.2508E-04  0.4112E+02
  -1.074  0.3581E-81  0.4112E+02
  -1.064  0.4216E-82  0.4112E+02
  -1.054  0.4216E-82  0.4112E+02
  -1.044  0.4216E-82  0.4112E+02
  -1.034  0.4216E-82  0.4112E+02
  -1.024  0.2730E-81  0.4112E+02
  -1.014  0.2298E-04  0.4112E+02
  -1.004  0.3173E-14  0.4112E+02
  -0.994  0.1997E-08  0.4112E+02
  -0.984  0.4756E-09  0.4112E+02
  -0.974  0.4216E-82  0.4112E+02
  -0.964  0.4216E-82  0.4112E+02
  -0.954  0.4216E-82  0.4112E+02
  -0.944  0.1829E-23  0.4112E+02
  -0.934  0.3176E+00  0.4112E+02
  -0.924  0.7648E-64  0.4112E+02
  -0.914  0.4216E-82  0.4112E+02
  -0.904  0.4216E-82  0.4112E+02
  -0.894  0.4216E-82  0.4112E+02
  -0.884  0.4216E-82  0.4112E+02
  -0.874  0.4216E-82  0.4112E+02
  -0.864  0.4216E-82  0.4112E+02
  -0.854  0.1028E-46  0.4112E+02
  -0.844  0.4895E+02  0.4161E+02
  -0.834  0.3232E-36  0.4161E+02
  -0.824  0.4216E-82  0.4161E+02
  -0.814  0.4216E-82  0.4161E+02
  -0.804  0.4216E-82  0.4161E+02
  -0.794  0.4216E-82  0.4161E+02
  -0.784  0.2584E-66  0.4161E+02
  -0.774  0.1041E+00  0.4161E+02
  -0.764  0.5814E-22  0.4161E+02
  -0.754  0.4216E-82  0.4161E+02
  -0.744  0.2328E-07  0.4161E+02
  -0.734  0.3326E-10  0.4161E+02
  -0.724  0.4216E-82  0.4161E+02
  -0.714  0.4216E-82  0.4161E+02
  -0.704  0.4216E-82  0.4161E+02
  -0.694  0.4216E-82  0.4161E+02
  -0.684  0.4216E-82  0.4161E+02
  -0.674  0.4216E-82  0.4161E+02
  -0.664  0.9853E-79  0.4161E+02
  -0.654  0.1201E-03  0.4161E+02
  -0.644  0.5942E+02  0.4221E+02
  -0.634  0.8707E-38  0.4221E+02
  -0.624  0.1712E-65  0.4221E+02
  -0.614  0.8728E-01  0.4221E+02
  -0.604  0.7008E+02  0.4291E+02
  -0.594  0.1269E-40  0.4291E+02
  -0.584  0.9317E+00  0.4292E+02
  -0.574  0.3924E-19  0.4292E+02
  -0.564  0.7820E-51  0.4292E+02
  -0.554  0.2379E+02  0.4316E+02
  -0.544  0.1371E+02  0.4329E+02
  -0.534  0.6183E-07  0.4329E+02
  -0.524  0.3187E+02  0.4361E+02
  -0.514  0.6852E-39  0.4361E+02
  -0.504  0.7337E-27  0.4361E+02
  -0.494  0.1055E+01  0.4362E+02
  -0.484  0.4079E-04  0.4362E+02
  -0.474  0.5939E-45  0.4362E+02
  -0.464  0.5955E+02  0.4422E+02
  -0.454  0.8279E-38  0.4422E+02
  -0.444  0.4216E-82  0.4422E+02
  -0.434  0.1842E-46  0.4422E+02
  -0.424  0.5057E+02  0.4472E+02
  -0.414  0.3127E-12  0.4472E+02
  -0.404  0.4216E-82  0.4472E+02
  -0.394  0.4216E-82  0.4472E+02
  -0.384  0.4216E-82  0.4472E+02
  -0.374  0.3607E-16  0.4472E+02
  -0.364  0.3142E-03  0.4472E+02
  -0.354  0.3795E-77  0.4472E+02
  -0.344  0.1176E-09  0.4472E+02
  -0.334  0.2988E+02  0.4502E+02
  -0.324  0.9923E-50  0.4502E+02
  -0.314  0.3532E-75  0.4502E+02
  -0.304  0.9990E-03  0.4502E+02
  -0.294  0.8959E+00  0.4503E+02
  -0.284  0.2368E-61  0.4503E+02
  -0.274  0.4216E-82  0.4503E+02
  -0.264  0.4216E-82  0.4503E+02
  -0.254  0.4216E-82  0.4503E+02
  -0.244  0.1119E-36  0.4503E+02
  -0.234  0.5223E+02  0.4555E+02
  -0.224  0.3380E-46  0.4555E+02
  -0.214  0.4132E-07  0.4555E+02
  -0.204  0.1715E-10  0.4555E+02
  -0.194  0.2264E+02  0.4578E+02
  -0.184  0.5087E-36  0.4578E+02
  -0.174  0.4216E-82  0.4578E+02
  -0.164  0.4216E-82  0.4578E+02
  -0.154  0.4216E-82  0.4578E+02
  -0.144  0.4216E-82  0.4578E+02
  -0.134  0.4216E-82  0.4578E+02
  -0.124  0.5404E-10  0.4578E+02
  -0.114  0.1515E-07  0.4578E+02
  -0.104  0.1731E-03  0.4578E+02
  -0.094  0.3905E-78  0.4578E+02
  -0.084  0.4216E-82  0.4578E+02
  -0.074  0.4216E-82  0.4578E+02
  -0.064  0.4216E-82  0.4578E+02
  -0.054  0.4216E-82  0.4578E+02
  -0.044  0.4216E-82  0.4578E+02
  -0.034  0.4216E-82  0.4578E+02
  -0.024  0.4216E-82  0.4578E+02
  -0.014  0.4216E-82  0.4578E+02
  -0.004  0.4570E-73  0.4578E+02
   0.006  0.3293E-02  0.4578E+02
   0.016  0.4351E-01  0.4578E+02
   0.026  0.4918E-22  0.4578E+02
   0.036  0.4122E-26  0.4578E+02
   0.046  0.1655E+01  0.4580E+02
   0.056  0.9209E-60  0.4580E+02
   0.066  0.4216E-82  0.4580E+02
   0.076  0.4216E-82  0.4580E+02
   0.086  0.4216E-82  0.4580E+02
   0.096  0.4216E-82  0.4580E+02
   0.106  0.4216E-82  0.4580E+02
   0.116  0.4216E-82  0.4580E+02
   0.126  0.4216E-82  0.4580E+02
   0.136  0.8113E-08  0.4580E+02
   0.146  0.1077E-09  0.4580E+02
   0.156  0.2322E+00  0.4580E+02
   0.166  0.6599E+02  0.4646E+02
   0.176  0.4247E-39  0.4646E+02
   0.186  0.4216E-82  0.4646E+02
   0.196  0.4216E-82  0.4646E+02
   0.206  0.4216E-82  0.4646E+02
   0.216  0.4216E-82  0.4646E+02
   0.226  0.4216E-82  0.4646E+02
   0.236  0.4216E-82  0.4646E+02
   0.246  0.4216E-82  0.4646E+02
   0.256  0.4216E-82  0.4646E+02
   0.266  0.4216E-82  0.4646E+02
   0.276  0.1122E-52  0.4646E+02
   0.286  0.1542E+02  0.4661E+02
   0.296  0.2939E-31  0.4661E+02
   0.306  0.6285E-71  0.4661E+02
   0.316  0.1045E-01  0.4661E+02
   0.326  0.2408E-19  0.4661E+02
   0.336  0.4216E-82  0.4661E+02
   0.346  0.4216E-82  0.4661E+02
   0.356  0.4216E-82  0.4661E+02
   0.366  0.4216E-82  0.4661E+02
   0.376  0.8041E-22  0.4661E+02
   0.386  0.5341E+02  0.4715E+02
   0.396  0.7779E-37  0.4715E+02
   0.406  0.4216E-82  0.4715E+02
   0.416  0.4216E-82  0.4715E+02
   0.426  0.4216E-82  0.4715E+02
   0.436  0.4401E-65  0.4715E+02
   0.446  0.1834E+00  0.4715E+02
   0.456  0.1059E-22  0.4715E+02
   0.466  0.4216E-82  0.4715E+02
   0.476  0.4216E-82  0.4715E+02
   0.486  0.1175E-22  0.4715E+02
   0.496  0.1773E+00  0.4715E+02
   0.506  0.3710E-65  0.4715E+02
   0.516  0.4216E-82  0.4715E+02
   0.526  0.4216E-82  0.4715E+02
   0.536  0.4216E-82  0.4715E+02
   0.546  0.4216E-82  0.4715E+02
   0.556  0.4216E-82  0.4715E+02
   0.566  0.4216E-82  0.4715E+02
   0.576  0.4216E-82  0.4715E+02
   0.586  0.4216E-82  0.4715E+02
   0.596  0.4216E-82  0.4715E+02
   0.606  0.5577E-20  0.4715E+02
   0.616  0.1909E-01  0.4715E+02
   0.626  0.2942E+01  0.4718E+02
   0.636  0.3618E-58  0.4718E+02
   0.646  0.4216E-82  0.4718E+02
   0.656  0.4216E-82  0.4718E+02
   0.666  0.4216E-82  0.4718E+02
   0.676  0.3087E-10  0.4718E+02
   0.686  0.2485E-07  0.4718E+02
   0.696  0.1405E-62  0.4718E+02
   0.706  0.5437E+00  0.4719E+02
   0.716  0.2917E-24  0.4719E+02
   0.726  0.4216E-82  0.4719E+02
   0.736  0.4216E-82  0.4719E+02
   0.746  0.4216E-82  0.4719E+02
   0.756  0.4216E-82  0.4719E+02
   0.766  0.4216E-82  0.4719E+02
   0.776  0.4216E-82  0.4719E+02
   0.786  0.4216E-82  0.4719E+02
   0.796  0.4216E-82  0.4719E+02
   0.806  0.1197E-26  0.4719E+02
   0.816  0.2211E+01  0.4721E+02
   0.826  0.2505E-39  0.4721E+02
   0.836  0.6687E+02  0.4788E+02
   0.846  0.2475E-43  0.4788E+02
   0.856  0.4216E-82  0.4788E+02
   0.866  0.4216E-82  0.4788E+02
   0.876  0.1433E-07  0.4788E+02
   0.886  0.5752E-10  0.4788E+02
   0.896  0.4216E-82  0.4788E+02
   0.906  0.4216E-82  0.4788E+02
   0.916  0.4216E-82  0.4788E+02
   0.926  0.4216E-82  0.4788E+02
   0.936  0.4216E-82  0.4788E+02
   0.946  0.4216E-82  0.4788E+02
   0.956  0.4216E-82  0.4788E+02
   0.966  0.4216E-82  0.4788E+02
   0.976  0.4216E-82  0.4788E+02
   0.986  0.4216E-82  0.4788E+02
   0.996  0.4216E-82  0.4788E+02
   1.006  0.3573E-50  0.4788E+02
   1.016  0.2734E+02  0.4815E+02
   1.026  0.2901E-33  0.4815E+02
   1.036  0.4216E-82  0.4815E+02
   1.046  0.4216E-82  0.4815E+02
   1.056  0.4216E-82  0.4815E+02
   1.066  0.4216E-82  0.4815E+02
   1.076  0.7340E-43  0.4815E+02
   1.086  0.6834E+02  0.4883E+02
   1.096  0.8822E-40  0.4883E+02
   1.106  0.4216E-82  0.4883E+02
   1.116  0.4216E-82  0.4883E+02
   1.126  0.4216E-82  0.4883E+02
   1.136  0.4216E-82  0.4883E+02
   1.146  0.4216E-82  0.4883E+02
   1.156  0.4216E-82  0.4883E+02
   1.166  0.4216E-82  0.4883E+02
   1.176  0.4216E-82  0.4883E+02
   1.186  0.4216E-82  0.4883E+02
   1.196  0.4216E-82  0.4883E+02
   1.206  0.4216E-82  0.4883E+02
   1.216  0.4132E-58  0.4883E+02
   1.226  0.3002E+01  0.4886E+02
   1.236  0.2927E-01  0.4886E+02
   1.246  0.8002E-68  0.4886E+02
   1.256  0.4216E-82  0.4886E+02
   1.266  0.4216E-82  0.4886E+02
   1.276  0.4216E-82  0.4886E+02
   1.286  0.4216E-82  0.4886E+02
   1.296  0.4216E-82  0.4886E+02
   1.306  0.4216E-82  0.4886E+02
   1.316  0.4216E-82  0.4886E+02
   1.326  0.4216E-82  0.4886E+02
   1.336  0.4216E-82  0.4886E+02
   1.346  0.4216E-82  0.4886E+02
   1.356  0.4216E-82  0.4886E+02
   1.366  0.4216E-82  0.4886E+02
   1.376  0.8558E-19  0.4886E+02
