#  E (eV)   dos(E)     Int dos(E) EFermi =   0.000 eV
 -22.896  0.4352E-02  0.4352E-04
 -22.886  0.1643E+02  0.1644E+00
 -22.876  0.2075E-14  0.1644E+00
 -22.866  0.2997E-04  0.1644E+00
 -22.856  0.6546E-81  0.1644E+00
 -22.846  0.2851E-09  0.1644E+00
 -22.836  0.3267E-08  0.1644E+00
 -22.826  0.5465E-82  0.1644E+00
 -22.816  0.5465E-82  0.1644E+00
 -22.806  0.1119E-11  0.1644E+00
 -22.796  0.3811E-06  0.1644E+00
 -22.786  0.5465E-82  0.1644E+00
 -22.776  0.5465E-82  0.1644E+00
 -22.766  0.5465E-82  0.1644E+00
 -22.756  0.1361E-23  0.1644E+00
 -22.746  0.3472E+00  0.1678E+00
 -22.736  0.1228E-63  0.1678E+00
 -22.726  0.5465E-82  0.1678E+00
 -22.716  0.5465E-82  0.1678E+00
 -22.706  0.5465E-82  0.1678E+00
 -22.696  0.4675E-53  0.1678E+00
 -22.686  0.1399E+02  0.3077E+00
 -22.676  0.5805E-31  0.3077E+00
 -22.666  0.5465E-82  0.3077E+00
 -22.656  0.5465E-82  0.3077E+00
 -22.646  0.5465E-82  0.3077E+00
 -22.636  0.5465E-82  0.3077E+00
 -22.626  0.5465E-82  0.3077E+00
 -22.616  0.2562E-15  0.3077E+00
 -22.606  0.1050E-03  0.3077E+00
 -22.596  0.5969E-79  0.3077E+00
 -22.586  0.5465E-82  0.3077E+00
 -22.576  0.5465E-82  0.3077E+00
 -22.566  0.5465E-82  0.3077E+00
 -22.556  0.5465E-82  0.3077E+00
 -22.546  0.5465E-82  0.3077E+00
 -22.536  0.1317E-69  0.3077E+00
 -22.526  0.2075E-01  0.3079E+00
 -22.516  0.4530E-20  0.3079E+00
 -22.506  0.5465E-82  0.3079E+00
 -22.496  0.5465E-82  0.3079E+00
 -22.486  0.5465E-82  0.3079E+00
 -22.476  0.5465E-82  0.3079E+00
 -22.466  0.5465E-82  0.3079E+00
 -22.456  0.5465E-82  0.3079E+00
 -22.446  0.5465E-82  0.3079E+00
 -22.436  0.3090E-48  0.3079E+00
 -22.426  0.3908E+02  0.6988E+00
 -22.416  0.6855E-35  0.6988E+00
 -22.406  0.5465E-82  0.6988E+00
 -22.396  0.5465E-82  0.6988E+00
 -22.386  0.5465E-82  0.6988E+00
 -22.376  0.5465E-82  0.6988E+00
 -22.366  0.5465E-82  0.6988E+00
 -22.356  0.5465E-82  0.6988E+00
 -22.346  0.5465E-82  0.6988E+00
 -22.336  0.5465E-82  0.6988E+00
 -22.326  0.1461E-41  0.6988E+00
 -22.316  0.7046E+02  0.1403E+01
 -22.306  0.4712E-41  0.1403E+01
 -22.296  0.5465E-82  0.1403E+01
 -22.286  0.5465E-82  0.1403E+01
 -22.276  0.5465E-82  0.1403E+01
 -22.266  0.5465E-82  0.1403E+01
 -22.256  0.5465E-82  0.1403E+01
 -22.246  0.5465E-82  0.1403E+01
 -22.236  0.5465E-82  0.1403E+01
 -22.226  0.5465E-82  0.1403E+01
 -22.216  0.5465E-82  0.1403E+01
 -22.206  0.2545E-46  0.1403E+01
 -22.196  0.5145E+02  0.1918E+01
 -22.186  0.1443E-36  0.1918E+01
 -22.176  0.5465E-82  0.1918E+01
 -22.166  0.5465E-82  0.1918E+01
 -22.156  0.5465E-82  0.1918E+01
 -22.146  0.5465E-82  0.1918E+01
 -22.136  0.5465E-82  0.1918E+01
 -22.126  0.5465E-82  0.1918E+01
 -22.116  0.5465E-82  0.1918E+01
 -22.106  0.5465E-82  0.1918E+01
 -22.096  0.5465E-82  0.1918E+01
 -22.086  0.5465E-82  0.1918E+01
 -22.076  0.3193E-63  0.1918E+01
 -22.066  0.4148E+00  0.1922E+01
 -22.056  0.7470E-24  0.1922E+01
 -22.046  0.3410E+02  0.2263E+01
 -22.036  0.1137E-06  0.2263E+01
 -22.026  0.1083E+00  0.2264E+01
 -22.016  0.5182E-22  0.2264E+01
 -22.006  0.7938E-50  0.2264E+01
 -21.996  0.2931E+02  0.2557E+01
 -21.986  0.1501E-33  0.2557E+01
 -21.976  0.5465E-82  0.2557E+01
 -21.966  0.3980E-47  0.2557E+01
 -21.956  0.4629E+02  0.3020E+01
 -21.946  0.7463E-36  0.3020E+01
 -21.936  0.5465E-82  0.3020E+01
 -21.926  0.1013E-08  0.3020E+01
 -21.916  0.9473E-09  0.3020E+01
 -21.906  0.4759E+01  0.3068E+01
 -21.896  0.3235E-28  0.3068E+01
 -21.886  0.5465E-82  0.3068E+01
 -21.876  0.5465E-82  0.3068E+01
 -21.866  0.5465E-82  0.3068E+01
 -21.856  0.2967E-81  0.3068E+01
 -21.846  0.2329E-04  0.3068E+01
 -21.836  0.3106E-14  0.3068E+01
 -21.826  0.5465E-82  0.3068E+01
 -21.816  0.5465E-82  0.3068E+01
 -21.806  0.5465E-82  0.3068E+01
 -21.796  0.5465E-82  0.3068E+01
 -21.786  0.5465E-82  0.3068E+01
 -21.776  0.1213E-20  0.3068E+01
 -21.766  0.6601E+01  0.3134E+01
 -21.756  0.1013E-55  0.3134E+01
 -21.746  0.5465E-82  0.3134E+01
 -21.736  0.5465E-82  0.3134E+01
 -21.726  0.5465E-82  0.3134E+01
 -21.716  0.5465E-82  0.3134E+01
 -21.706  0.5465E-82  0.3134E+01
 -21.696  0.4633E-57  0.3134E+01
 -21.686  0.4284E+01  0.3177E+01
 -21.676  0.5493E-28  0.3177E+01
 -21.666  0.5465E-82  0.3177E+01
 -21.656  0.5465E-82  0.3177E+01
 -21.646  0.5465E-82  0.3177E+01
 -21.636  0.5465E-82  0.3177E+01
 -21.626  0.5465E-82  0.3177E+01
 -21.616  0.2769E-56  0.3177E+01
 -21.606  0.5508E+01  0.3232E+01
 -21.596  0.2584E-19  0.3232E+01
 -21.586  0.1014E-01  0.3232E+01
 -21.576  0.5517E-71  0.3232E+01
 -21.566  0.5465E-82  0.3232E+01
 -21.556  0.5465E-82  0.3232E+01
 -21.546  0.5465E-82  0.3232E+01
 -21.536  0.5465E-82  0.3232E+01
 -21.526  0.5465E-82  0.3232E+01
 -21.516  0.5465E-82  0.3232E+01
 -21.506  0.5465E-82  0.3232E+01
 -21.496  0.2429E-72  0.3232E+01
 -21.486  0.4902E-02  0.3232E+01
 -21.476  0.1371E-18  0.3232E+01
 -21.466  0.6266E-05  0.3232E+01
 -21.456  0.4090E-14  0.3232E+01
 -21.446  0.5465E-82  0.3232E+01
 -21.436  0.5465E-82  0.3232E+01
 -21.426  0.5465E-82  0.3232E+01
 -21.416  0.5465E-82  0.3232E+01
 -21.406  0.5465E-82  0.3232E+01
 -21.396  0.2744E-28  0.3232E+01
 -21.386  0.2142E+01  0.3253E+01
 -21.376  0.1466E-37  0.3253E+01
 -21.366  0.5805E+02  0.3834E+01
 -21.356  0.3189E-45  0.3834E+01
 -21.346  0.5465E-82  0.3834E+01
 -21.336  0.5465E-82  0.3834E+01
 -21.326  0.5465E-82  0.3834E+01
 -21.316  0.5465E-82  0.3834E+01
 -21.306  0.5465E-82  0.3834E+01
 -21.296  0.5465E-82  0.3834E+01
 -21.286  0.5465E-82  0.3834E+01
 -21.276  0.5465E-82  0.3834E+01
 -21.266  0.5465E-82  0.3834E+01
 -21.256  0.5465E-82  0.3834E+01
 -21.246  0.9313E-13  0.3834E+01
 -21.236  0.1809E+02  0.4015E+01
 -21.226  0.9109E-32  0.4015E+01
 -21.216  0.5465E-82  0.4015E+01
 -21.206  0.5465E-82  0.4015E+01
 -21.196  0.5465E-82  0.4015E+01
 -21.186  0.5465E-82  0.4015E+01
 -21.176  0.5465E-82  0.4015E+01
 -21.166  0.5465E-82  0.4015E+01
 -21.156  0.5465E-82  0.4015E+01
 -21.146  0.5465E-82  0.4015E+01
 -21.136  0.5465E-82  0.4015E+01
 -21.126  0.5465E-82  0.4015E+01
 -21.116  0.1362E-48  0.4015E+01
 -21.106  0.3682E+02  0.4383E+01
 -21.096  0.1380E-34  0.4383E+01
 -21.086  0.5465E-82  0.4383E+01
 -21.076  0.5465E-82  0.4383E+01
 -21.066  0.5465E-82  0.4383E+01
 -21.056  0.5465E-82  0.4383E+01
 -21.046  0.1176E-11  0.4383E+01
 -21.036  0.3666E-06  0.4383E+01
 -21.026  0.5465E-82  0.4383E+01
 -21.016  0.5465E-82  0.4383E+01
 -21.006  0.5465E-82  0.4383E+01
 -20.996  0.5465E-82  0.4383E+01
 -20.986  0.5465E-82  0.4383E+01
 -20.976  0.4956E-54  0.4383E+01
 -20.966  0.1077E+02  0.4491E+01
 -20.956  0.3243E-30  0.4491E+01
 -20.946  0.5465E-82  0.4491E+01
 -20.936  0.5465E-82  0.4491E+01
 -20.926  0.5465E-82  0.4491E+01
 -20.916  0.5465E-82  0.4491E+01
 -20.906  0.5465E-82  0.4491E+01
 -20.896  0.5465E-82  0.4491E+01
 -20.886  0.5465E-82  0.4491E+01
 -20.876  0.5465E-82  0.4491E+01
 -20.866  0.5465E-82  0.4491E+01
 -20.856  0.5465E-82  0.4491E+01
 -20.846  0.4039E-47  0.4491E+01
 -20.836  0.4633E+02  0.4954E+01
 -20.826  0.1817E-03  0.4954E+01
 -20.816  0.4687E-78  0.4954E+01
 -20.806  0.5465E-82  0.4954E+01
 -20.796  0.5465E-82  0.4954E+01
 -20.786  0.5465E-82  0.4954E+01
 -20.776  0.5465E-82  0.4954E+01
 -20.766  0.7820E-46  0.4954E+01
 -20.756  0.2814E+02  0.5235E+01
 -20.746  0.1404E-37  0.5235E+01
 -20.736  0.5465E-82  0.5235E+01
 -20.726  0.5465E-82  0.5235E+01
 -20.716  0.5465E-82  0.5235E+01
 -20.706  0.5465E-82  0.5235E+01
 -20.696  0.5465E-82  0.5235E+01
 -20.686  0.7790E-82  0.5235E+01
 -20.676  0.7339E-05  0.5235E+01
 -20.666  0.4330E+02  0.5668E+01
 -20.656  0.1255E-10  0.5668E+01
 -20.646  0.5389E-07  0.5668E+01
 -20.636  0.1310E-62  0.5668E+01
 -20.626  0.5382E+00  0.5674E+01
 -20.616  0.2358E-17  0.5674E+01
 -20.606  0.5465E-82  0.5674E+01
 -20.596  0.1783E-37  0.5674E+01
 -20.586  0.5753E+02  0.6249E+01
 -20.576  0.2574E-45  0.6249E+01
 -20.566  0.5465E-82  0.6249E+01
 -20.556  0.5465E-82  0.6249E+01
 -20.546  0.1541E-20  0.6249E+01
 -20.536  0.3164E-01  0.6249E+01
 -20.526  0.9009E-69  0.6249E+01
 -20.516  0.5465E-82  0.6249E+01
 -20.506  0.5465E-82  0.6249E+01
 -20.496  0.5465E-82  0.6249E+01
 -20.486  0.4556E-08  0.6249E+01
 -20.476  0.2006E-09  0.6249E+01
 -20.466  0.5465E-82  0.6249E+01
 -20.456  0.5465E-82  0.6249E+01
 -20.446  0.8722E-32  0.6249E+01
 -20.436  0.8290E+01  0.6332E+01
 -20.426  0.1093E-52  0.6332E+01
 -20.416  0.5267E+01  0.6385E+01
 -20.406  0.6320E-06  0.6385E+01
 -20.396  0.5465E-82  0.6385E+01
 -20.386  0.5465E-82  0.6385E+01
 -20.376  0.5465E-82  0.6385E+01
 -20.366  0.2158E-71  0.6385E+01
 -20.356  0.8169E-02  0.6385E+01
 -20.346  0.8024E-11  0.6385E+01
 -20.336  0.7843E-07  0.6385E+01
 -20.326  0.5465E-82  0.6385E+01
 -20.316  0.5465E-82  0.6385E+01
 -20.306  0.5465E-82  0.6385E+01
 -20.296  0.5465E-82  0.6385E+01
 -20.286  0.5465E-82  0.6385E+01
 -20.276  0.7167E-28  0.6385E+01
 -20.266  0.4060E+01  0.6425E+01
 -20.256  0.3059E-04  0.6425E+01
 -20.246  0.2008E-14  0.6425E+01
 -20.236  0.5465E-82  0.6425E+01
 -20.226  0.5465E-82  0.6425E+01
 -20.216  0.5465E-82  0.6425E+01
 -20.206  0.5465E-82  0.6425E+01
 -20.196  0.9067E-29  0.6425E+01
 -20.186  0.6068E+01  0.6486E+01
 -20.176  0.5631E-56  0.6486E+01
 -20.166  0.5465E-82  0.6486E+01
 -20.156  0.5465E-82  0.6486E+01
 -20.146  0.5465E-82  0.6486E+01
 -20.136  0.5465E-82  0.6486E+01
 -20.126  0.5465E-82  0.6486E+01
 -20.116  0.5465E-82  0.6486E+01
 -20.106  0.5465E-82  0.6486E+01
 -20.096  0.5465E-82  0.6486E+01
 -20.086  0.5465E-82  0.6486E+01
 -20.076  0.5465E-82  0.6486E+01
 -20.066  0.5465E-82  0.6486E+01
 -20.056  0.5465E-82  0.6486E+01
 -20.046  0.5465E-82  0.6486E+01
 -20.036  0.5465E-82  0.6486E+01
 -20.026  0.5465E-82  0.6486E+01
 -20.016  0.1958E-08  0.6486E+01
 -20.006  0.4855E-09  0.6486E+01
 -19.996  0.4748E+02  0.6961E+01
 -19.986  0.2112E+00  0.6963E+01
 -19.976  0.6813E-23  0.6963E+01
 -19.966  0.5465E-82  0.6963E+01
 -19.956  0.5465E-82  0.6963E+01
 -19.946  0.5465E-82  0.6963E+01
 -19.936  0.5465E-82  0.6963E+01
 -19.926  0.5465E-82  0.6963E+01
 -19.916  0.5465E-82  0.6963E+01
 -19.906  0.5465E-82  0.6963E+01
 -19.896  0.7336E-61  0.6963E+01
 -19.886  0.1087E+01  0.6974E+01
 -19.876  0.2234E-25  0.6974E+01
 -19.866  0.5465E-82  0.6974E+01
 -19.856  0.1616E-39  0.6974E+01
 -19.846  0.6753E+02  0.7649E+01
 -19.836  0.3914E-43  0.7649E+01
 -19.826  0.5465E-82  0.7649E+01
 -19.816  0.5465E-82  0.7649E+01
 -19.806  0.5465E-82  0.7649E+01
 -19.796  0.1571E-05  0.7649E+01
 -19.786  0.1685E-12  0.7649E+01
 -19.776  0.4021E-25  0.7649E+01
 -19.766  0.9334E+00  0.7658E+01
 -19.756  0.3005E-61  0.7658E+01
 -19.746  0.5465E-82  0.7658E+01
 -19.736  0.5465E-82  0.7658E+01
 -19.726  0.5465E-82  0.7658E+01
 -19.716  0.5465E-82  0.7658E+01
 -19.706  0.5465E-82  0.7658E+01
 -19.696  0.5465E-82  0.7658E+01
 -19.686  0.5465E-82  0.7658E+01
 -19.676  0.5465E-82  0.7658E+01
 -19.666  0.5465E-82  0.7658E+01
 -19.656  0.3762E-21  0.7658E+01
 -19.646  0.5371E-01  0.7659E+01
 -19.636  0.1063E-67  0.7659E+01
 -19.626  0.5465E-82  0.7659E+01
 -19.616  0.9290E-50  0.7659E+01
 -19.606  0.2971E+02  0.7956E+01
 -19.596  0.1317E-33  0.7956E+01
 -19.586  0.3794E-32  0.7956E+01
 -19.576  0.2025E+02  0.8159E+01
 -19.566  0.1499E-51  0.8159E+01
 -19.556  0.1199E-76  0.8159E+01
 -19.546  0.4230E-03  0.8159E+01
 -19.536  0.2070E-16  0.8159E+01
 -19.526  0.5465E-82  0.8159E+01
 -19.516  0.5465E-82  0.8159E+01
 -19.506  0.6987E-71  0.8159E+01
 -19.496  0.6268E-02  0.8159E+01
 -19.486  0.7797E-20  0.8159E+01
 -19.476  0.5465E-82  0.8159E+01
 -19.466  0.5465E-82  0.8159E+01
 -19.456  0.5465E-82  0.8159E+01
 -19.446  0.5465E-82  0.8159E+01
 -19.436  0.5465E-82  0.8159E+01
 -19.426  0.5465E-82  0.8159E+01
 -19.416  0.5465E-82  0.8159E+01
 -19.406  0.5465E-82  0.8159E+01
 -19.396  0.5465E-82  0.8159E+01
 -19.386  0.5465E-82  0.8159E+01
 -19.376  0.5465E-82  0.8159E+01
 -19.366  0.4665E-42  0.8159E+01
 -19.356  0.7000E+02  0.8859E+01
 -19.346  0.2004E+01  0.8879E+01
 -19.336  0.1832E-26  0.8879E+01
 -19.326  0.5465E-82  0.8879E+01
 -19.316  0.5465E-82  0.8879E+01
 -19.306  0.5465E-82  0.8879E+01
 -19.296  0.5465E-82  0.8879E+01
 -19.286  0.5465E-82  0.8879E+01
 -19.276  0.5465E-82  0.8879E+01
 -19.266  0.5465E-82  0.8879E+01
 -19.256  0.5465E-82  0.8879E+01
 -19.246  0.5465E-82  0.8879E+01
 -19.236  0.5465E-82  0.8879E+01
 -19.226  0.5465E-82  0.8879E+01
 -19.216  0.5465E-82  0.8879E+01
 -19.206  0.5465E-82  0.8879E+01
 -19.196  0.5465E-82  0.8879E+01
 -19.186  0.5465E-82  0.8879E+01
 -19.176  0.5465E-82  0.8879E+01
 -19.166  0.5465E-82  0.8879E+01
 -19.156  0.5465E-82  0.8879E+01
 -19.146  0.1292E-53  0.8879E+01
 -19.136  0.1207E+02  0.8999E+01
 -19.126  0.1563E-30  0.8999E+01
 -19.116  0.5465E-82  0.8999E+01
 -19.106  0.5465E-82  0.8999E+01
 -19.096  0.5465E-82  0.8999E+01
 -19.086  0.5495E-82  0.8999E+01
 -19.076  0.3750E-05  0.8999E+01
 -19.066  0.4931E-13  0.8999E+01
 -19.056  0.4263E-25  0.8999E+01
 -19.046  0.3820E+00  0.9003E+01
 -19.036  0.4748E-62  0.9003E+01
 -19.026  0.5465E-82  0.9003E+01
 -19.016  0.5465E-82  0.9003E+01
 -19.006  0.5465E-82  0.9003E+01
 -18.996  0.1698E-12  0.9003E+01
 -18.986  0.1563E-05  0.9003E+01
 -18.976  0.5465E-82  0.9003E+01
 -18.966  0.5465E-82  0.9003E+01
 -18.956  0.5465E-82  0.9003E+01
 -18.946  0.7038E-49  0.9003E+01
 -18.936  0.3688E+02  0.9372E+01
 -18.926  0.1380E-08  0.9372E+01
 -18.916  0.1940E+00  0.9374E+01
 -18.906  0.6075E-25  0.9374E+01
 -18.896  0.8369E+00  0.9382E+01
 -18.886  0.1598E-61  0.9382E+01
 -18.876  0.6039E-08  0.9382E+01
 -18.866  0.1484E-09  0.9382E+01
 -18.856  0.4759E-01  0.9383E+01
 -18.846  0.3539E-11  0.9383E+01
 -18.836  0.1534E-06  0.9383E+01
 -18.826  0.5661E-05  0.9383E+01
 -18.816  0.1572E+01  0.9399E+01
 -18.806  0.5096E-26  0.9399E+01
 -18.796  0.1610E-06  0.9399E+01
 -18.786  0.3333E-11  0.9399E+01
 -18.776  0.5465E-82  0.9399E+01
 -18.766  0.5465E-82  0.9399E+01
 -18.756  0.5465E-82  0.9399E+01
 -18.746  0.5465E-82  0.9399E+01
 -18.736  0.5465E-82  0.9399E+01
 -18.726  0.5465E-82  0.9399E+01
 -18.716  0.5465E-82  0.9399E+01
 -18.706  0.5615E-33  0.9399E+01
 -18.696  0.2543E+02  0.9653E+01
 -18.686  0.1596E-50  0.9653E+01
 -18.676  0.5465E-82  0.9653E+01
 -18.666  0.5465E-82  0.9653E+01
 -18.656  0.5465E-82  0.9653E+01
 -18.646  0.5465E-82  0.9653E+01
 -18.636  0.5465E-82  0.9653E+01
 -18.626  0.5465E-82  0.9653E+01
 -18.616  0.5465E-82  0.9653E+01
 -18.606  0.5465E-82  0.9653E+01
 -18.596  0.5465E-82  0.9653E+01
 -18.586  0.5465E-82  0.9653E+01
 -18.576  0.5465E-82  0.9653E+01
 -18.566  0.5465E-82  0.9653E+01
 -18.556  0.5465E-82  0.9653E+01
 -18.546  0.5465E-82  0.9653E+01
 -18.536  0.1817E-57  0.9653E+01
 -18.526  0.3741E+01  0.9690E+01
 -18.516  0.6023E-09  0.9690E+01
 -18.506  0.7004E+02  0.1039E+02
 -18.496  0.1403E-26  0.1039E+02
 -18.486  0.5465E-82  0.1039E+02
 -18.476  0.5465E-82  0.1039E+02
 -18.466  0.5465E-82  0.1039E+02
 -18.456  0.5905E-13  0.1039E+02
 -18.446  0.1596E+01  0.1041E+02
 -18.436  0.4788E-26  0.1041E+02
 -18.426  0.5465E-82  0.1041E+02
 -18.416  0.5465E-82  0.1041E+02
 -18.406  0.5465E-82  0.1041E+02
 -18.396  0.5826E-47  0.1041E+02
 -18.386  0.4736E+02  0.1088E+02
 -18.376  0.5338E-36  0.1088E+02
 -18.366  0.5465E-82  0.1088E+02
 -18.356  0.5465E-82  0.1088E+02
 -18.346  0.1761E-29  0.1088E+02
 -18.336  0.8137E+01  0.1096E+02
 -18.326  0.1652E-20  0.1096E+02
 -18.316  0.3081E-01  0.1096E+02
 -18.306  0.7966E-69  0.1096E+02
 -18.296  0.5465E-82  0.1096E+02
 -18.286  0.5465E-82  0.1096E+02
 -18.276  0.5465E-82  0.1096E+02
 -18.266  0.3785E-35  0.1096E+02
 -18.256  0.4102E+02  0.1137E+02
 -18.246  0.2801E+02  0.1165E+02
 -18.236  0.2314E-33  0.1165E+02
 -18.226  0.2111E-17  0.1165E+02
 -18.216  0.1358E-02  0.1165E+02
 -18.206  0.5412E+02  0.1219E+02
 -18.196  0.5938E-37  0.1219E+02
 -18.186  0.5465E-82  0.1219E+02
 -18.176  0.2072E-07  0.1219E+02
 -18.166  0.3798E-10  0.1219E+02
 -18.156  0.8260E-03  0.1219E+02
 -18.146  0.1793E-07  0.1219E+02
 -18.136  0.5465E-82  0.1219E+02
 -18.126  0.5465E-82  0.1219E+02
 -18.116  0.5465E-82  0.1219E+02
 -18.106  0.5465E-82  0.1219E+02
 -18.096  0.5465E-82  0.1219E+02
 -18.086  0.5465E-82  0.1219E+02
 -18.076  0.5465E-82  0.1219E+02
 -18.066  0.5465E-82  0.1219E+02
 -18.056  0.5465E-82  0.1219E+02
 -18.046  0.5465E-82  0.1219E+02
 -18.036  0.5465E-82  0.1219E+02
 -18.026  0.5465E-82  0.1219E+02
 -18.016  0.5465E-82  0.1219E+02
 -18.006  0.2136E-24  0.1219E+02
 -17.996  0.5936E+00  0.1220E+02
 -17.986  0.2287E-62  0.1220E+02
 -17.976  0.4544E-51  0.1220E+02
 -17.966  0.2259E+02  0.1243E+02
 -17.956  0.1557E-32  0.1243E+02
 -17.946  0.1841E-03  0.1243E+02
 -17.936  0.9531E-16  0.1243E+02
 -17.926  0.5465E-82  0.1243E+02
 -17.916  0.5465E-82  0.1243E+02
 -17.906  0.5465E-82  0.1243E+02
 -17.896  0.5465E-82  0.1243E+02
 -17.886  0.5465E-82  0.1243E+02
 -17.876  0.5465E-82  0.1243E+02
 -17.866  0.5465E-82  0.1243E+02
 -17.856  0.5465E-82  0.1243E+02
 -17.846  0.5465E-82  0.1243E+02
 -17.836  0.5465E-82  0.1243E+02
 -17.826  0.5465E-82  0.1243E+02
 -17.816  0.5465E-82  0.1243E+02
 -17.806  0.5465E-82  0.1243E+02
 -17.796  0.1206E-48  0.1243E+02
 -17.786  0.3648E+02  0.1279E+02
 -17.776  0.1530E-34  0.1279E+02
 -17.766  0.5465E-82  0.1279E+02
 -17.756  0.5465E-82  0.1279E+02
 -17.746  0.1636E-53  0.1279E+02
 -17.736  0.1240E+02  0.1291E+02
 -17.726  0.1304E-30  0.1291E+02
 -17.716  0.1376E-49  0.1291E+02
 -17.706  0.3071E+02  0.1322E+02
 -17.696  0.9505E-34  0.1322E+02
 -17.686  0.5465E-82  0.1322E+02
 -17.676  0.5465E-82  0.1322E+02
 -17.666  0.5465E-82  0.1322E+02
 -17.656  0.5465E-82  0.1322E+02
 -17.646  0.5465E-82  0.1322E+02
 -17.636  0.5465E-82  0.1322E+02
 -17.626  0.5556E-28  0.1322E+02
 -17.616  0.4274E+01  0.1326E+02
 -17.606  0.6741E-44  0.1326E+02
 -17.596  0.3295E+02  0.1359E+02
 -17.586  0.2234E-39  0.1359E+02
 -17.576  0.5465E-82  0.1359E+02
 -17.566  0.5465E-82  0.1359E+02
 -17.556  0.5465E-82  0.1359E+02
 -17.546  0.5465E-82  0.1359E+02
 -17.536  0.5465E-82  0.1359E+02
 -17.526  0.5465E-82  0.1359E+02
 -17.516  0.5465E-82  0.1359E+02
 -17.506  0.5465E-82  0.1359E+02
 -17.496  0.5465E-82  0.1359E+02
 -17.486  0.5465E-82  0.1359E+02
 -17.476  0.6726E-16  0.1359E+02
 -17.466  0.5006E+02  0.1409E+02
 -17.456  0.2267E-36  0.1409E+02
 -17.446  0.5465E-82  0.1409E+02
 -17.436  0.5465E-82  0.1409E+02
 -17.426  0.5465E-82  0.1409E+02
 -17.416  0.5465E-82  0.1409E+02
 -17.406  0.5465E-82  0.1409E+02
 -17.396  0.5465E-82  0.1409E+02
 -17.386  0.5465E-82  0.1409E+02
 -17.376  0.5465E-82  0.1409E+02
 -17.366  0.5465E-82  0.1409E+02
 -17.356  0.8665E-29  0.1409E+02
 -17.346  0.6120E+01  0.1416E+02
 -17.336  0.5992E-56  0.1416E+02
 -17.326  0.5465E-82  0.1416E+02
 -17.316  0.5465E-82  0.1416E+02
 -17.306  0.5465E-82  0.1416E+02
 -17.296  0.5465E-82  0.1416E+02
 -17.286  0.5465E-82  0.1416E+02
 -17.276  0.5465E-82  0.1416E+02
 -17.266  0.2576E-45  0.1416E+02
 -17.256  0.5753E+02  0.1473E+02
 -17.246  0.1781E-37  0.1473E+02
 -17.236  0.5465E-82  0.1473E+02
 -17.226  0.5465E-82  0.1473E+02
 -17.216  0.5465E-82  0.1473E+02
 -17.206  0.1629E-12  0.1473E+02
 -17.196  0.7088E-02  0.1473E+02
 -17.186  0.5953E-19  0.1473E+02
 -17.176  0.5465E-82  0.1473E+02
 -17.166  0.8176E-39  0.1473E+02
 -17.156  0.6479E+02  0.1538E+02
 -17.146  0.1238E+00  0.1538E+02
 -17.136  0.2692E-16  0.1538E+02
 -17.126  0.5465E-82  0.1538E+02
 -17.116  0.5465E-82  0.1538E+02
 -17.106  0.5465E-82  0.1538E+02
 -17.096  0.5465E-82  0.1538E+02
 -17.086  0.5465E-82  0.1538E+02
 -17.076  0.5465E-82  0.1538E+02
 -17.066  0.5465E-82  0.1538E+02
 -17.056  0.5465E-82  0.1538E+02
 -17.046  0.5465E-82  0.1538E+02
 -17.036  0.5465E-82  0.1538E+02
 -17.026  0.5465E-82  0.1538E+02
 -17.016  0.5465E-82  0.1538E+02
 -17.006  0.5465E-82  0.1538E+02
 -16.996  0.5465E-82  0.1538E+02
 -16.986  0.5465E-82  0.1538E+02
 -16.976  0.5929E-72  0.1538E+02
 -16.966  0.6047E-02  0.1538E+02
 -16.956  0.8551E-19  0.1538E+02
 -16.946  0.5465E-82  0.1538E+02
 -16.936  0.5465E-82  0.1538E+02
 -16.926  0.5465E-82  0.1538E+02
 -16.916  0.5465E-82  0.1538E+02
 -16.906  0.5465E-82  0.1538E+02
 -16.896  0.5465E-82  0.1538E+02
 -16.886  0.5465E-82  0.1538E+02
 -16.876  0.5465E-82  0.1538E+02
 -16.866  0.5465E-82  0.1538E+02
 -16.856  0.7447E-57  0.1538E+02
 -16.846  0.2527E+01  0.1540E+02
 -16.836  0.1189E-28  0.1540E+02
 -16.826  0.5465E-82  0.1540E+02
 -16.816  0.5465E-82  0.1540E+02
 -16.806  0.5465E-82  0.1540E+02
 -16.796  0.5465E-82  0.1540E+02
 -16.786  0.5465E-82  0.1540E+02
 -16.776  0.5465E-82  0.1540E+02
 -16.766  0.5465E-82  0.1540E+02
 -16.756  0.5465E-82  0.1540E+02
 -16.746  0.5465E-82  0.1540E+02
 -16.736  0.5465E-82  0.1540E+02
 -16.726  0.5465E-82  0.1540E+02
 -16.716  0.5465E-82  0.1540E+02
 -16.706  0.5465E-82  0.1540E+02
 -16.696  0.5465E-82  0.1540E+02
 -16.686  0.5465E-82  0.1540E+02
 -16.676  0.5465E-82  0.1540E+02
 -16.666  0.5465E-82  0.1540E+02
 -16.656  0.9138E-25  0.1540E+02
 -16.646  0.3100E+00  0.1541E+02
 -16.636  0.1458E-62  0.1541E+02
 -16.626  0.5465E-82  0.1541E+02
 -16.616  0.5465E-82  0.1541E+02
 -16.606  0.5465E-82  0.1541E+02
 -16.596  0.5465E-82  0.1541E+02
 -16.586  0.5465E-82  0.1541E+02
 -16.576  0.5465E-82  0.1541E+02
 -16.566  0.5465E-82  0.1541E+02
 -16.556  0.5465E-82  0.1541E+02
 -16.546  0.9492E-20  0.1541E+02
 -16.536  0.1539E-01  0.1541E+02
 -16.526  0.3458E-70  0.1541E+02
 -16.516  0.5465E-82  0.1541E+02
 -16.506  0.5465E-82  0.1541E+02
 -16.496  0.5465E-82  0.1541E+02
 -16.486  0.5465E-82  0.1541E+02
 -16.476  0.5465E-82  0.1541E+02
 -16.466  0.5465E-82  0.1541E+02
 -16.456  0.5465E-82  0.1541E+02
 -16.446  0.5465E-82  0.1541E+02
 -16.436  0.1188E-65  0.1541E+02
 -16.426  0.8122E-01  0.1541E+02
 -16.416  0.7696E-23  0.1541E+02
 -16.406  0.1030E-04  0.1541E+02
 -16.396  0.1104E-13  0.1541E+02
 -16.386  0.5465E-82  0.1541E+02
 -16.376  0.5465E-82  0.1541E+02
 -16.366  0.5465E-82  0.1541E+02
 -16.356  0.5465E-82  0.1541E+02
 -16.346  0.4365E-16  0.1541E+02
 -16.336  0.2833E-03  0.1541E+02
 -16.326  0.2549E-77  0.1541E+02
 -16.316  0.5465E-82  0.1541E+02
 -16.306  0.5465E-82  0.1541E+02
 -16.296  0.1044E-38  0.1541E+02
 -16.286  0.6430E+02  0.1605E+02
 -16.276  0.5490E-44  0.1605E+02
 -16.266  0.5465E-82  0.1605E+02
 -16.256  0.5465E-82  0.1605E+02
 -16.246  0.2681E-08  0.1605E+02
 -16.236  0.3507E-09  0.1605E+02
 -16.226  0.6114E-04  0.1605E+02
 -16.216  0.5280E-79  0.1605E+02
 -16.206  0.5465E-82  0.1605E+02
 -16.196  0.5465E-82  0.1605E+02
 -16.186  0.5465E-82  0.1605E+02
 -16.176  0.5465E-82  0.1605E+02
 -16.166  0.5465E-82  0.1605E+02
 -16.156  0.5465E-82  0.1605E+02
 -16.146  0.5465E-82  0.1605E+02
 -16.136  0.5465E-82  0.1605E+02
 -16.126  0.1944E-70  0.1605E+02
 -16.116  0.1352E-01  0.1605E+02
 -16.106  0.2843E-13  0.1605E+02
 -16.096  0.5465E-82  0.1605E+02
 -16.086  0.5465E-82  0.1605E+02
 -16.076  0.5465E-82  0.1605E+02
 -16.066  0.5465E-82  0.1605E+02
 -16.056  0.5465E-82  0.1605E+02
 -16.046  0.5465E-82  0.1605E+02
 -16.036  0.5465E-82  0.1605E+02
 -16.026  0.5465E-82  0.1605E+02
 -16.016  0.5465E-82  0.1605E+02
 -16.006  0.3702E-18  0.1605E+02
 -15.996  0.3118E-02  0.1605E+02
 -15.986  0.7069E+02  0.1676E+02
 -15.976  0.1710E+02  0.1693E+02
 -15.966  0.1875E-06  0.1693E+02
 -15.956  0.2755E-11  0.1693E+02
 -15.946  0.2766E+01  0.1696E+02
 -15.936  0.4972E-09  0.1696E+02
 -15.926  0.5465E-82  0.1696E+02
 -15.916  0.5465E-82  0.1696E+02
 -15.906  0.5465E-82  0.1696E+02
 -15.896  0.2863E-40  0.1696E+02
 -15.886  0.6951E+02  0.1765E+02
 -15.876  0.5524E+00  0.1766E+02
 -15.866  0.4862E+00  0.1766E+02
 -15.856  0.7592E-63  0.1766E+02
 -15.846  0.5465E-82  0.1766E+02
 -15.836  0.5465E-82  0.1766E+02
 -15.826  0.4932E-59  0.1766E+02
 -15.816  0.2163E+01  0.1768E+02
 -15.806  0.1316E-26  0.1768E+02
 -15.796  0.7809E-05  0.1768E+02
 -15.786  0.1677E-13  0.1768E+02
 -15.776  0.1368E-74  0.1768E+02
 -15.766  0.1400E-02  0.1769E+02
 -15.756  0.1986E-17  0.1769E+02
 -15.746  0.4668E-69  0.1769E+02
 -15.736  0.2742E-01  0.1769E+02
 -15.726  0.2233E-20  0.1769E+02
 -15.716  0.5465E-82  0.1769E+02
 -15.706  0.5465E-82  0.1769E+02
 -15.696  0.5465E-82  0.1769E+02
 -15.686  0.5465E-82  0.1769E+02
 -15.676  0.1932E-26  0.1769E+02
 -15.666  0.1980E+01  0.1771E+02
 -15.656  0.2115E-16  0.1771E+02
 -15.646  0.4183E-03  0.1771E+02
 -15.636  0.3802E-21  0.1771E+02
 -15.626  0.5351E-01  0.1771E+02
 -15.616  0.2657E-13  0.1771E+02
 -15.606  0.2775E-03  0.1771E+02
 -15.596  0.7398E-02  0.1771E+02
 -15.586  0.5393E-19  0.1771E+02
 -15.576  0.4801E-05  0.1771E+02
 -15.566  0.2410E+01  0.1773E+02
 -15.556  0.1518E-28  0.1773E+02
 -15.546  0.5465E-82  0.1773E+02
 -15.536  0.5465E-82  0.1773E+02
 -15.526  0.2757E-59  0.1773E+02
 -15.516  0.1973E+01  0.1775E+02
 -15.506  0.1958E-26  0.1775E+02
 -15.496  0.8955E-05  0.1775E+02
 -15.486  0.2351E-14  0.1775E+02
 -15.476  0.5465E-82  0.1775E+02
 -15.466  0.5465E-82  0.1775E+02
 -15.456  0.5465E-82  0.1775E+02
 -15.446  0.5465E-82  0.1775E+02
 -15.436  0.5465E-82  0.1775E+02
 -15.426  0.5021E-12  0.1775E+02
 -15.416  0.7023E-06  0.1775E+02
 -15.406  0.5465E-82  0.1775E+02
 -15.396  0.5465E-82  0.1775E+02
 -15.386  0.3123E-60  0.1775E+02
 -15.376  0.1386E+01  0.1776E+02
 -15.366  0.8528E-26  0.1776E+02
 -15.356  0.5465E-82  0.1776E+02
 -15.346  0.5465E-82  0.1776E+02
 -15.336  0.5465E-82  0.1776E+02
 -15.326  0.5465E-82  0.1776E+02
 -15.316  0.5465E-82  0.1776E+02
 -15.306  0.5465E-82  0.1776E+02
 -15.296  0.5465E-82  0.1776E+02
 -15.286  0.8812E-28  0.1776E+02
 -15.276  0.3892E+01  0.1780E+02
 -15.266  0.2383E-57  0.1780E+02
 -15.256  0.5465E-82  0.1780E+02
 -15.246  0.1036E-36  0.1780E+02
 -15.236  0.5246E+02  0.1833E+02
 -15.226  0.3681E-46  0.1833E+02
 -15.216  0.5465E-82  0.1833E+02
 -15.206  0.5465E-82  0.1833E+02
 -15.196  0.5465E-82  0.1833E+02
 -15.186  0.5465E-82  0.1833E+02
 -15.176  0.2577E-34  0.1833E+02
 -15.166  0.3481E+02  0.1867E+02
 -15.156  0.6518E-49  0.1867E+02
 -15.146  0.5465E-82  0.1867E+02
 -15.136  0.5465E-82  0.1867E+02
 -15.126  0.5465E-82  0.1867E+02
 -15.116  0.1376E-40  0.1867E+02
 -15.106  0.7004E+02  0.1938E+02
 -15.096  0.4941E-42  0.1938E+02
 -15.086  0.5465E-82  0.1938E+02
 -15.076  0.5465E-82  0.1938E+02
 -15.066  0.5465E-82  0.1938E+02
 -15.056  0.5465E-82  0.1938E+02
 -15.046  0.5465E-82  0.1938E+02
 -15.036  0.5465E-82  0.1938E+02
 -15.026  0.5465E-82  0.1938E+02
 -15.016  0.5465E-82  0.1938E+02
 -15.006  0.5465E-82  0.1938E+02
 -14.996  0.5465E-82  0.1938E+02
 -14.986  0.5465E-82  0.1938E+02
 -14.976  0.5465E-82  0.1938E+02
 -14.966  0.5465E-82  0.1938E+02
 -14.956  0.5465E-82  0.1938E+02
 -14.946  0.5465E-82  0.1938E+02
 -14.936  0.5465E-82  0.1938E+02
 -14.926  0.1635E-48  0.1938E+02
 -14.916  0.3732E+02  0.1975E+02
 -14.906  0.1181E-34  0.1975E+02
 -14.896  0.5465E-82  0.1975E+02
 -14.886  0.5465E-82  0.1975E+02
 -14.876  0.5465E-82  0.1975E+02
 -14.866  0.5465E-82  0.1975E+02
 -14.856  0.5465E-82  0.1975E+02
 -14.846  0.5465E-82  0.1975E+02
 -14.836  0.5465E-82  0.1975E+02
 -14.826  0.5465E-82  0.1975E+02
 -14.816  0.5465E-82  0.1975E+02
 -14.806  0.5465E-82  0.1975E+02
 -14.796  0.5465E-82  0.1975E+02
 -14.786  0.5465E-82  0.1975E+02
 -14.776  0.5465E-82  0.1975E+02
 -14.766  0.5465E-82  0.1975E+02
 -14.756  0.5465E-82  0.1975E+02
 -14.746  0.5465E-82  0.1975E+02
 -14.736  0.5465E-82  0.1975E+02
 -14.726  0.5465E-82  0.1975E+02
 -14.716  0.5465E-82  0.1975E+02
 -14.706  0.5465E-82  0.1975E+02
 -14.696  0.5784E-58  0.1975E+02
 -14.686  0.3158E+01  0.1978E+02
 -14.676  0.2390E-27  0.1978E+02
 -14.666  0.5465E-82  0.1978E+02
 -14.656  0.3518E-31  0.1978E+02
 -14.646  0.1504E+02  0.1993E+02
 -14.636  0.8909E-53  0.1993E+02
 -14.626  0.5465E-82  0.1993E+02
 -14.616  0.5465E-82  0.1993E+02
 -14.606  0.5465E-82  0.1993E+02
 -14.596  0.5465E-82  0.1993E+02
 -14.586  0.5465E-82  0.1993E+02
 -14.576  0.4821E-42  0.1993E+02
 -14.566  0.3517E+02  0.2028E+02
 -14.556  0.9206E-26  0.2028E+02
 -14.546  0.4771E+02  0.2076E+02
 -14.536  0.1719E+01  0.2078E+02
 -14.526  0.3515E-26  0.2078E+02
 -14.516  0.5465E-82  0.2078E+02
 -14.506  0.5465E-82  0.2078E+02
 -14.496  0.4932E-67  0.2078E+02
 -14.486  0.7406E-01  0.2078E+02
 -14.476  0.1542E-21  0.2078E+02
 -14.466  0.5465E-82  0.2078E+02
 -14.456  0.6022E-36  0.2078E+02
 -14.446  0.4697E+02  0.2125E+02
 -14.436  0.5081E-47  0.2125E+02
 -14.426  0.5465E-82  0.2125E+02
 -14.416  0.5465E-82  0.2125E+02
 -14.406  0.5465E-82  0.2125E+02
 -14.396  0.5465E-82  0.2125E+02
 -14.386  0.1269E-81  0.2125E+02
 -14.376  0.1661E-04  0.2125E+02
 -14.366  0.5290E-14  0.2125E+02
 -14.356  0.5465E-82  0.2125E+02
 -14.346  0.5465E-82  0.2125E+02
 -14.336  0.5465E-82  0.2125E+02
 -14.326  0.1700E-14  0.2125E+02
 -14.316  0.3390E-04  0.2125E+02
 -14.306  0.2924E-19  0.2125E+02
 -14.296  0.9623E-02  0.2125E+02
 -14.286  0.4391E-71  0.2125E+02
 -14.276  0.5465E-82  0.2125E+02
 -14.266  0.5465E-82  0.2125E+02
 -14.256  0.5465E-82  0.2125E+02
 -14.246  0.5465E-82  0.2125E+02
 -14.236  0.5465E-82  0.2125E+02
 -14.226  0.5465E-82  0.2125E+02
 -14.216  0.5465E-82  0.2125E+02
 -14.206  0.6301E-15  0.2125E+02
 -14.196  0.6189E-04  0.2125E+02
 -14.186  0.2061E-24  0.2125E+02
 -14.176  0.5996E+00  0.2125E+02
 -14.166  0.1151E+02  0.2137E+02
 -14.156  0.8674E-54  0.2137E+02
 -14.146  0.5465E-82  0.2137E+02
 -14.136  0.1302E-45  0.2137E+02
 -14.126  0.5580E+02  0.2193E+02
 -14.116  0.3317E-37  0.2193E+02
 -14.106  0.5465E-82  0.2193E+02
 -14.096  0.5465E-82  0.2193E+02
 -14.086  0.5465E-82  0.2193E+02
 -14.076  0.5465E-82  0.2193E+02
 -14.066  0.5465E-82  0.2193E+02
 -14.056  0.5465E-82  0.2193E+02
 -14.046  0.1292E-35  0.2193E+02
 -14.036  0.4451E+02  0.2237E+02
 -14.026  0.2126E-47  0.2237E+02
 -14.016  0.5465E-82  0.2237E+02
 -14.006  0.1124E-16  0.2237E+02
 -13.996  0.5831E-03  0.2237E+02
 -13.986  0.6586E-02  0.2237E+02
 -13.976  0.7039E-19  0.2237E+02
 -13.966  0.5465E-82  0.2237E+02
 -13.956  0.5465E-82  0.2237E+02
 -13.946  0.5465E-82  0.2237E+02
 -13.936  0.5465E-82  0.2237E+02
 -13.926  0.1913E-58  0.2237E+02
 -13.916  0.1484E+01  0.2239E+02
 -13.906  0.1596E-27  0.2239E+02
 -13.896  0.3171E-71  0.2239E+02
 -13.886  0.8928E-02  0.2239E+02
 -13.876  0.3486E-19  0.2239E+02
 -13.866  0.5465E-82  0.2239E+02
 -13.856  0.5465E-82  0.2239E+02
 -13.846  0.4425E-19  0.2239E+02
 -13.836  0.8059E-02  0.2239E+02
 -13.826  0.7792E-10  0.2239E+02
 -13.816  0.5465E-82  0.2239E+02
 -13.806  0.5465E-82  0.2239E+02
 -13.796  0.5465E-82  0.2239E+02
 -13.786  0.5465E-82  0.2239E+02
 -13.776  0.5465E-82  0.2239E+02
 -13.766  0.5465E-82  0.2239E+02
 -13.756  0.5465E-82  0.2239E+02
 -13.746  0.3733E-20  0.2239E+02
 -13.736  0.2240E-01  0.2239E+02
 -13.726  0.2550E+00  0.2239E+02
 -13.716  0.1827E-24  0.2239E+02
 -13.706  0.5465E-82  0.2239E+02
 -13.696  0.5465E-82  0.2239E+02
 -13.686  0.1308E-18  0.2239E+02
 -13.676  0.5049E-02  0.2239E+02
 -13.666  0.1811E-15  0.2239E+02
 -13.656  0.5465E-82  0.2239E+02
 -13.646  0.5465E-82  0.2239E+02
 -13.636  0.1363E-34  0.2239E+02
 -13.626  0.3686E+02  0.2276E+02
 -13.616  0.8557E-36  0.2276E+02
 -13.606  0.4585E+02  0.2322E+02
 -13.596  0.1560E-02  0.2322E+02
 -13.586  0.2120E-74  0.2322E+02
 -13.576  0.5465E-82  0.2322E+02
 -13.566  0.5465E-82  0.2322E+02
 -13.556  0.9678E-14  0.2322E+02
 -13.546  0.1123E-04  0.2322E+02
 -13.536  0.7262E-82  0.2322E+02
 -13.526  0.5465E-82  0.2322E+02
 -13.516  0.6307E-46  0.2322E+02
 -13.506  0.5390E+02  0.2376E+02
 -13.496  0.6789E-01  0.2376E+02
 -13.486  0.1971E-21  0.2376E+02
 -13.476  0.5465E-82  0.2376E+02
 -13.466  0.5465E-82  0.2376E+02
 -13.456  0.5465E-82  0.2376E+02
 -13.446  0.5465E-82  0.2376E+02
 -13.436  0.5465E-82  0.2376E+02
 -13.426  0.2631E-77  0.2376E+02
 -13.416  0.2856E-03  0.2376E+02
 -13.406  0.4300E-16  0.2376E+02
 -13.396  0.7439E-05  0.2376E+02
 -13.386  0.1841E-03  0.2376E+02
 -13.376  0.2361E-02  0.2376E+02
 -13.366  0.6707E-18  0.2376E+02
 -13.356  0.5465E-82  0.2376E+02
 -13.346  0.5465E-82  0.2376E+02
 -13.336  0.5465E-82  0.2376E+02
 -13.326  0.5930E-79  0.2376E+02
 -13.316  0.1048E-03  0.2376E+02
 -13.306  0.2570E-15  0.2376E+02
 -13.296  0.5465E-82  0.2376E+02
 -13.286  0.5465E-82  0.2376E+02
 -13.276  0.5465E-82  0.2376E+02
 -13.266  0.3412E-80  0.2376E+02
 -13.256  0.4815E-04  0.2376E+02
 -13.246  0.9573E-15  0.2376E+02
 -13.236  0.5465E-82  0.2376E+02
 -13.226  0.5465E-82  0.2376E+02
 -13.216  0.5465E-82  0.2376E+02
 -13.206  0.4399E-52  0.2376E+02
 -13.196  0.1786E+02  0.2393E+02
 -13.186  0.1005E-31  0.2393E+02
 -13.176  0.5465E-82  0.2393E+02
 -13.166  0.5465E-82  0.2393E+02
 -13.156  0.5465E-82  0.2393E+02
 -13.146  0.5465E-82  0.2393E+02
 -13.136  0.5465E-82  0.2393E+02
 -13.126  0.5465E-82  0.2393E+02
 -13.116  0.5465E-82  0.2393E+02
 -13.106  0.5465E-82  0.2393E+02
 -13.096  0.7191E-42  0.2393E+02
 -13.086  0.7023E+02  0.2464E+02
 -13.076  0.1896E-13  0.2464E+02
 -13.066  0.5465E-82  0.2464E+02
 -13.056  0.5465E-82  0.2464E+02
 -13.046  0.5465E-82  0.2464E+02
 -13.036  0.5465E-82  0.2464E+02
 -13.026  0.6577E-73  0.2464E+02
 -13.016  0.3593E-02  0.2464E+02
 -13.006  0.2828E-18  0.2464E+02
 -12.996  0.1466E-01  0.2464E+02
 -12.986  0.2788E-70  0.2464E+02
 -12.976  0.5465E-82  0.2464E+02
 -12.966  0.5465E-82  0.2464E+02
 -12.956  0.5465E-82  0.2464E+02
 -12.946  0.5465E-82  0.2464E+02
 -12.936  0.5465E-82  0.2464E+02
 -12.926  0.5465E-82  0.2464E+02
 -12.916  0.5465E-82  0.2464E+02
 -12.906  0.5465E-82  0.2464E+02
 -12.896  0.5465E-82  0.2464E+02
 -12.886  0.2110E-12  0.2464E+02
 -12.876  0.1335E-05  0.2464E+02
 -12.866  0.1173E-08  0.2464E+02
 -12.856  0.5465E-82  0.2464E+02
 -12.846  0.5465E-82  0.2464E+02
 -12.836  0.5465E-82  0.2464E+02
 -12.826  0.5465E-82  0.2464E+02
 -12.816  0.5465E-82  0.2464E+02
 -12.806  0.5465E-82  0.2464E+02
 -12.796  0.5465E-82  0.2464E+02
 -12.786  0.5465E-82  0.2464E+02
 -12.776  0.5465E-82  0.2464E+02
 -12.766  0.5465E-82  0.2464E+02
 -12.756  0.3322E-77  0.2464E+02
 -12.746  0.3035E-03  0.2464E+02
 -12.736  0.3845E-16  0.2464E+02
 -12.726  0.5465E-82  0.2464E+02
 -12.716  0.5465E-82  0.2464E+02
 -12.706  0.5465E-82  0.2464E+02
 -12.696  0.5465E-82  0.2464E+02
 -12.686  0.5465E-82  0.2464E+02
 -12.676  0.5465E-82  0.2464E+02
 -12.666  0.5465E-82  0.2464E+02
 -12.656  0.1559E-14  0.2464E+02
 -12.646  0.6300E+02  0.2527E+02
 -12.636  0.1942E-38  0.2527E+02
 -12.626  0.5465E-82  0.2527E+02
 -12.616  0.5465E-82  0.2527E+02
 -12.606  0.7543E-56  0.2527E+02
 -12.596  0.6312E+01  0.2533E+02
 -12.586  0.7325E-29  0.2533E+02
 -12.576  0.5465E-82  0.2533E+02
 -12.566  0.5465E-82  0.2533E+02
 -12.556  0.5465E-82  0.2533E+02
 -12.546  0.7252E-18  0.2533E+02
 -12.536  0.2275E-02  0.2533E+02
 -12.526  0.9892E-74  0.2533E+02
 -12.516  0.5465E-82  0.2533E+02
 -12.506  0.5465E-82  0.2533E+02
 -12.496  0.5465E-82  0.2533E+02
 -12.486  0.5465E-82  0.2533E+02
 -12.476  0.5465E-82  0.2533E+02
 -12.466  0.5465E-82  0.2533E+02
 -12.456  0.5465E-82  0.2533E+02
 -12.446  0.5465E-82  0.2533E+02
 -12.436  0.2796E-76  0.2533E+02
 -12.426  0.5258E-03  0.2533E+02
 -12.416  0.1371E-16  0.2533E+02
 -12.406  0.7939E-21  0.2533E+02
 -12.396  0.4072E-01  0.2533E+02
 -12.386  0.4935E-01  0.2533E+02
 -12.376  0.9952E-67  0.2533E+02
 -12.366  0.4056E-48  0.2533E+02
 -12.356  0.3984E+02  0.2573E+02
 -12.346  0.5427E-35  0.2573E+02
 -12.336  0.5465E-82  0.2573E+02
 -12.326  0.5465E-82  0.2573E+02
 -12.316  0.5465E-82  0.2573E+02
 -12.306  0.5465E-82  0.2573E+02
 -12.296  0.5501E-47  0.2573E+02
 -12.286  0.4720E+02  0.2620E+02
 -12.276  0.1181E-15  0.2620E+02
 -12.266  0.6803E+02  0.2688E+02
 -12.256  0.7350E-11  0.2688E+02
 -12.246  0.5465E-82  0.2688E+02
 -12.236  0.5465E-82  0.2688E+02
 -12.226  0.5465E-82  0.2688E+02
 -12.216  0.5465E-82  0.2688E+02
 -12.206  0.5465E-82  0.2688E+02
 -12.196  0.5465E-82  0.2688E+02
 -12.186  0.5465E-82  0.2688E+02
 -12.176  0.5465E-82  0.2688E+02
 -12.166  0.5465E-82  0.2688E+02
 -12.156  0.2406E-32  0.2688E+02
 -12.146  0.2879E+02  0.2717E+02
 -12.136  0.1032E+02  0.2727E+02
 -12.126  0.9061E-52  0.2727E+02
 -12.116  0.5465E-82  0.2727E+02
 -12.106  0.1923E-29  0.2727E+02
 -12.096  0.8013E+01  0.2735E+02
 -12.086  0.4630E-55  0.2735E+02
 -12.076  0.2114E-32  0.2735E+02
 -12.066  0.9990E+01  0.2745E+02
 -12.056  0.6546E-52  0.2745E+02
 -12.046  0.5465E-82  0.2745E+02
 -12.036  0.5465E-82  0.2745E+02
 -12.026  0.1647E-17  0.2745E+02
 -12.016  0.1260E-01  0.2745E+02
 -12.006  0.1174E-70  0.2745E+02
 -11.996  0.9961E-31  0.2745E+02
 -11.986  0.1292E+02  0.2758E+02
 -11.976  0.3216E+02  0.2790E+02
 -11.966  0.5631E+02  0.2847E+02
 -11.956  0.1591E-45  0.2847E+02
 -11.946  0.1821E-10  0.2847E+02
 -11.936  0.3926E-07  0.2847E+02
 -11.926  0.5465E-82  0.2847E+02
 -11.916  0.1357E-18  0.2847E+02
 -11.906  0.4925E-02  0.2847E+02
 -11.896  0.2478E-72  0.2847E+02
 -11.886  0.5465E-82  0.2847E+02
 -11.876  0.5465E-82  0.2847E+02
 -11.866  0.6127E-50  0.2847E+02
 -11.856  0.2867E+02  0.2875E+02
 -11.846  0.1860E-33  0.2875E+02
 -11.836  0.3335E-43  0.2875E+02
 -11.826  0.6731E+02  0.2943E+02
 -11.816  0.1884E-39  0.2943E+02
 -11.806  0.2505E-25  0.2943E+02
 -11.796  0.1056E+01  0.2944E+02
 -11.786  0.6169E-61  0.2944E+02
 -11.776  0.5465E-82  0.2944E+02
 -11.766  0.5465E-82  0.2944E+02
 -11.756  0.5465E-82  0.2944E+02
 -11.746  0.4691E-59  0.2944E+02
 -11.736  0.2147E+01  0.2946E+02
 -11.726  0.1362E-26  0.2946E+02
 -11.716  0.5465E-82  0.2946E+02
 -11.706  0.7840E-32  0.2946E+02
 -11.696  0.1845E+02  0.2964E+02
 -11.686  0.6022E-52  0.2964E+02
 -11.676  0.5465E-82  0.2964E+02
 -11.666  0.1253E-08  0.2964E+02
 -11.656  0.7651E-09  0.2964E+02
 -11.646  0.2023E-80  0.2964E+02
 -11.636  0.4159E-04  0.2964E+02
 -11.626  0.7944E+00  0.2965E+02
 -11.616  0.1185E-61  0.2965E+02
 -11.606  0.5465E-82  0.2965E+02
 -11.596  0.5465E-82  0.2965E+02
 -11.586  0.3398E-30  0.2965E+02
 -11.576  0.1069E+02  0.2976E+02
 -11.566  0.1926E-36  0.2976E+02
 -11.556  0.5056E+02  0.3026E+02
 -11.546  0.1840E-46  0.3026E+02
 -11.536  0.5465E-82  0.3026E+02
 -11.526  0.5465E-82  0.3026E+02
 -11.516  0.9394E-57  0.3026E+02
 -11.506  0.4737E+01  0.3031E+02
 -11.496  0.3312E-28  0.3031E+02
 -11.486  0.1066E-04  0.3031E+02
 -11.476  0.1047E-13  0.3031E+02
 -11.466  0.5465E-82  0.3031E+02
 -11.456  0.2096E-61  0.3031E+02
 -11.446  0.4942E+00  0.3032E+02
 -11.436  0.9416E-02  0.3032E+02
 -11.426  0.3839E-06  0.3032E+02
 -11.416  0.1108E-11  0.3032E+02
 -11.406  0.5465E-82  0.3032E+02
 -11.396  0.5465E-82  0.3032E+02
 -11.386  0.1502E-18  0.3032E+02
 -11.376  0.9853E-02  0.3032E+02
 -11.366  0.1229E-18  0.3032E+02
 -11.356  0.3029E-04  0.3032E+02
 -11.346  0.2040E-14  0.3032E+02
 -11.336  0.5465E-82  0.3032E+02
 -11.326  0.5465E-82  0.3032E+02
 -11.316  0.5465E-82  0.3032E+02
 -11.306  0.5465E-82  0.3032E+02
 -11.296  0.5465E-82  0.3032E+02
 -11.286  0.5465E-82  0.3032E+02
 -11.276  0.5465E-82  0.3032E+02
 -11.266  0.5465E-82  0.3032E+02
 -11.256  0.5524E-82  0.3032E+02
 -11.246  0.4387E-05  0.3032E+02
 -11.236  0.3930E-13  0.3032E+02
 -11.226  0.5211E-08  0.3032E+02
 -11.216  0.1738E-09  0.3032E+02
 -11.206  0.2763E+02  0.3059E+02
 -11.196  0.4023E-50  0.3059E+02
 -11.186  0.1623E-03  0.3059E+02
 -11.176  0.1193E-15  0.3059E+02
 -11.166  0.5465E-82  0.3059E+02
 -11.156  0.5465E-82  0.3059E+02
 -11.146  0.5465E-82  0.3059E+02
 -11.136  0.3486E-15  0.3059E+02
 -11.126  0.2913E-04  0.3059E+02
 -11.116  0.3430E-80  0.3059E+02
 -11.106  0.3404E-12  0.3059E+02
 -11.096  0.9388E-06  0.3059E+02
 -11.086  0.5465E-82  0.3059E+02
 -11.076  0.2215E-08  0.3059E+02
 -11.066  0.4274E-09  0.3059E+02
 -11.056  0.1533E-03  0.3059E+02
 -11.046  0.5969E-06  0.3059E+02
 -11.036  0.5465E-82  0.3059E+02
 -11.026  0.5465E-82  0.3059E+02
 -11.016  0.1611E-45  0.3059E+02
 -11.006  0.5635E+02  0.3116E+02
 -10.996  0.2732E-37  0.3116E+02
 -10.986  0.5465E-82  0.3116E+02
 -10.976  0.5465E-82  0.3116E+02
 -10.966  0.2981E-45  0.3116E+02
 -10.956  0.5789E+02  0.3174E+02
 -10.946  0.1590E+01  0.3175E+02
 -10.936  0.5220E-08  0.3175E+02
 -10.926  0.4120E+02  0.3216E+02
 -10.916  0.5562E-05  0.3216E+02
 -10.906  0.3329E-06  0.3216E+02
 -10.896  0.1794E-46  0.3216E+02
 -10.886  0.5049E+02  0.3267E+02
 -10.876  0.1970E-36  0.3267E+02
 -10.866  0.5465E-82  0.3267E+02
 -10.856  0.5465E-82  0.3267E+02
 -10.846  0.4216E-33  0.3267E+02
 -10.836  0.2625E+02  0.3293E+02
 -10.826  0.4243E+02  0.3335E+02
 -10.816  0.9959E-48  0.3335E+02
 -10.806  0.5580E-03  0.3335E+02
 -10.796  0.1223E-16  0.3335E+02
 -10.786  0.2612E-52  0.3335E+02
 -10.776  0.1690E+02  0.3352E+02
 -10.766  0.1516E-31  0.3352E+02
 -10.756  0.5764E+02  0.3410E+02
 -10.746  0.1711E-37  0.3410E+02
 -10.736  0.5465E-82  0.3410E+02
 -10.726  0.5465E-82  0.3410E+02
 -10.716  0.7841E-44  0.3410E+02
 -10.706  0.6496E+02  0.3475E+02
 -10.696  0.1465E-01  0.3475E+02
 -10.686  0.2785E-70  0.3475E+02
 -10.676  0.5465E-82  0.3475E+02
 -10.666  0.5465E-82  0.3475E+02
 -10.656  0.5465E-82  0.3475E+02
 -10.646  0.3994E-44  0.3475E+02
 -10.636  0.6369E+02  0.3539E+02
 -10.626  0.3367E+02  0.3572E+02
 -10.616  0.7158E+02  0.3644E+02
 -10.606  0.7259E-03  0.3644E+02
 -10.596  0.5232E+00  0.3644E+02
 -10.586  0.3342E-24  0.3644E+02
 -10.576  0.5465E-82  0.3644E+02
 -10.566  0.3780E-28  0.3644E+02
 -10.556  0.4615E+01  0.3649E+02
 -10.546  0.7814E-57  0.3649E+02
 -10.536  0.5465E-82  0.3649E+02
 -10.526  0.5465E-82  0.3649E+02
 -10.516  0.2365E-32  0.3649E+02
 -10.506  0.8492E+02  0.3734E+02
 -10.496  0.3523E-44  0.3734E+02
 -10.486  0.5465E-82  0.3734E+02
 -10.476  0.5465E-82  0.3734E+02
 -10.466  0.5465E-82  0.3734E+02
 -10.456  0.5465E-82  0.3734E+02
 -10.446  0.5465E-82  0.3734E+02
 -10.436  0.5465E-82  0.3734E+02
 -10.426  0.5465E-82  0.3734E+02
 -10.416  0.1447E-40  0.3734E+02
 -10.406  0.7001E+02  0.3804E+02
 -10.396  0.2069E-14  0.3804E+02
 -10.386  0.3002E-04  0.3804E+02
 -10.376  0.3112E-03  0.3804E+02
 -10.366  0.4267E-13  0.3804E+02
 -10.356  0.4147E-05  0.3804E+02
 -10.346  0.5512E-82  0.3804E+02
 -10.336  0.1484E-11  0.3804E+02
 -10.326  0.8836E-07  0.3804E+02
 -10.316  0.5465E-82  0.3804E+02
 -10.306  0.5465E-82  0.3804E+02
 -10.296  0.4465E-15  0.3804E+02
 -10.286  0.7590E-04  0.3804E+02
 -10.276  0.7177E+02  0.3876E+02
 -10.266  0.1441E-01  0.3876E+02
 -10.256  0.6103E-05  0.3876E+02
 -10.246  0.2116E-04  0.3876E+02
 -10.236  0.4817E+00  0.3876E+02
 -10.226  0.3229E+02  0.3909E+02
 -10.216  0.3660E+00  0.3909E+02
 -10.206  0.6543E+02  0.3974E+02
 -10.196  0.1023E-43  0.3974E+02
 -10.186  0.5100E-11  0.3974E+02
 -10.176  0.2790E-05  0.3974E+02
 -10.166  0.5465E-82  0.3974E+02
 -10.156  0.1463E-14  0.3974E+02
 -10.146  0.4016E-04  0.3974E+02
 -10.136  0.6873E-13  0.3974E+02
 -10.126  0.2280E-32  0.3974E+02
 -10.116  0.2157E+02  0.3996E+02
 -10.106  0.1685E+00  0.3996E+02
 -10.096  0.5237E-64  0.3996E+02
 -10.086  0.5865E-20  0.3996E+02
 -10.076  0.1871E-01  0.3996E+02
 -10.066  0.1346E+02  0.4010E+02
 -10.056  0.7355E+01  0.4017E+02
 -10.046  0.3140E-29  0.4017E+02
 -10.036  0.5465E-82  0.4017E+02
 -10.026  0.5465E-82  0.4017E+02
 -10.016  0.5465E-82  0.4017E+02
 -10.006  0.9869E-16  0.4017E+02
  -9.996  0.3750E+00  0.4017E+02
  -9.986  0.1498E-01  0.4017E+02
  -9.976  0.2178E+02  0.4039E+02
  -9.966  0.4088E-05  0.4039E+02
  -9.956  0.5234E+02  0.4091E+02
  -9.946  0.2317E-35  0.4091E+02
  -9.936  0.3147E-23  0.4091E+02
  -9.926  0.2691E+00  0.4092E+02
  -9.916  0.4946E-12  0.4092E+02
  -9.906  0.7102E-06  0.4092E+02
  -9.896  0.5465E-82  0.4092E+02
  -9.886  0.6087E-07  0.4092E+02
  -9.876  0.1086E-10  0.4092E+02
  -9.866  0.5465E-82  0.4092E+02
  -9.856  0.1073E-33  0.4092E+02
  -9.846  0.3034E+02  0.4122E+02
  -9.836  0.1022E+02  0.4132E+02
  -9.826  0.6145E-08  0.4132E+02
  -9.816  0.1456E-09  0.4132E+02
  -9.806  0.1687E-76  0.4132E+02
  -9.796  0.5697E-03  0.4132E+02
  -9.786  0.7073E-08  0.4132E+02
  -9.776  0.5465E-82  0.4132E+02
  -9.766  0.5465E-82  0.4132E+02
  -9.756  0.8304E-28  0.4132E+02
  -9.746  0.3939E+01  0.4136E+02
  -9.736  0.7961E-07  0.4136E+02
  -9.726  0.4132E-10  0.4136E+02
  -9.716  0.6195E+02  0.4198E+02
  -9.706  0.3094E-38  0.4198E+02
  -9.696  0.4613E-35  0.4198E+02
  -9.686  0.1906E+02  0.4217E+02
  -9.676  0.1092E-48  0.4217E+02
  -9.666  0.1737E-08  0.4217E+02
  -9.656  0.1853E-03  0.4217E+02
  -9.646  0.9698E-12  0.4217E+02
  -9.636  0.4255E-06  0.4217E+02
  -9.626  0.1012E+01  0.4218E+02
  -9.616  0.1992E+02  0.4238E+02
  -9.606  0.5459E-09  0.4238E+02
  -9.596  0.5465E-82  0.4238E+02
  -9.586  0.5465E-82  0.4238E+02
  -9.576  0.5078E-07  0.4238E+02
  -9.566  0.3789E-07  0.4238E+02
  -9.556  0.1898E-10  0.4238E+02
  -9.546  0.3960E+02  0.4278E+02
  -9.536  0.5171E+02  0.4329E+02
  -9.526  0.1077E+00  0.4330E+02
  -9.516  0.5256E-22  0.4330E+02
  -9.506  0.5465E-82  0.4330E+02
  -9.496  0.5772E-66  0.4330E+02
  -9.486  0.1225E+00  0.4330E+02
  -9.476  0.9931E-07  0.4330E+02
  -9.466  0.7052E+02  0.4400E+02
  -9.456  0.2500E-20  0.4400E+02
  -9.446  0.2623E-01  0.4400E+02
  -9.436  0.3818E-69  0.4400E+02
  -9.426  0.2927E-22  0.4400E+02
  -9.416  0.1313E+00  0.4400E+02
  -9.406  0.7052E+02  0.4471E+02
  -9.396  0.2671E-41  0.4471E+02
  -9.386  0.5465E-82  0.4471E+02
  -9.376  0.5580E-31  0.4471E+02
  -9.366  0.1407E+02  0.4485E+02
  -9.356  0.9431E-13  0.4485E+02
  -9.346  0.5113E-17  0.4485E+02
  -9.336  0.8736E-03  0.4485E+02
  -9.326  0.1603E+00  0.4485E+02
  -9.316  0.1425E+02  0.4499E+02
  -9.306  0.3548E-04  0.4499E+02
  -9.296  0.2502E-15  0.4499E+02
  -9.286  0.5465E-82  0.4499E+02
  -9.276  0.5465E-82  0.4499E+02
  -9.266  0.3551E-12  0.4499E+02
  -9.256  0.5636E+01  0.4505E+02
  -9.246  0.1345E-28  0.4505E+02
  -9.236  0.1512E-04  0.4505E+02
  -9.226  0.1022E-14  0.4505E+02
  -9.216  0.5465E-82  0.4505E+02
  -9.206  0.5855E-78  0.4505E+02
  -9.196  0.1156E-03  0.4505E+02
  -9.186  0.6761E+02  0.4573E+02
  -9.176  0.1531E-39  0.4573E+02
  -9.166  0.5465E-82  0.4573E+02
  -9.156  0.5465E-82  0.4573E+02
  -9.146  0.5465E-82  0.4573E+02
  -9.136  0.5465E-82  0.4573E+02
  -9.126  0.5465E-82  0.4573E+02
  -9.116  0.1148E-31  0.4573E+02
  -9.106  0.1754E+02  0.4590E+02
  -9.096  0.9379E-16  0.4590E+02
  -9.086  0.5465E-82  0.4590E+02
  -9.076  0.5465E-82  0.4590E+02
  -9.066  0.5465E-82  0.4590E+02
  -9.056  0.5465E-82  0.4590E+02
  -9.046  0.1034E-41  0.4590E+02
  -9.036  0.7037E+02  0.4661E+02
  -9.026  0.6640E-41  0.4661E+02
  -9.016  0.5465E-82  0.4661E+02
  -9.006  0.6829E-53  0.4661E+02
  -8.996  0.1572E+02  0.4676E+02
  -8.986  0.1947E-25  0.4676E+02
  -8.976  0.5465E-82  0.4676E+02
  -8.966  0.2333E-11  0.4676E+02
  -8.956  0.6128E-07  0.4676E+02
  -8.946  0.5465E-82  0.4676E+02
  -8.936  0.4192E-52  0.4676E+02
  -8.926  0.1777E+02  0.4694E+02
  -8.916  0.3736E+02  0.4731E+02
  -8.906  0.1662E-48  0.4731E+02
  -8.896  0.2155E-02  0.4731E+02
  -8.886  0.8125E-18  0.4731E+02
  -8.876  0.1082E+02  0.4742E+02
  -8.866  0.3146E-30  0.4742E+02
  -8.856  0.5465E-82  0.4742E+02
  -8.846  0.5465E-82  0.4742E+02
  -8.836  0.5465E-82  0.4742E+02
  -8.826  0.5465E-82  0.4742E+02
  -8.816  0.5465E-82  0.4742E+02
  -8.806  0.5465E-82  0.4742E+02
  -8.796  0.5465E-82  0.4742E+02
  -8.786  0.5465E-82  0.4742E+02
  -8.776  0.7998E-27  0.4742E+02
  -8.766  0.2423E+01  0.4745E+02
  -8.756  0.2008E-01  0.4745E+02
  -8.746  0.1015E-08  0.4745E+02
  -8.736  0.1251E-37  0.4745E+02
  -8.726  0.5848E+02  0.4803E+02
  -8.716  0.3789E-45  0.4803E+02
  -8.706  0.3796E-01  0.4803E+02
  -8.696  0.9558E-21  0.4803E+02
  -8.686  0.5465E-82  0.4803E+02
  -8.676  0.5465E-82  0.4803E+02
  -8.666  0.5465E-82  0.4803E+02
  -8.656  0.5465E-82  0.4803E+02
  -8.646  0.5465E-82  0.4803E+02
  -8.636  0.5465E-82  0.4803E+02
  -8.626  0.7399E-22  0.4803E+02
  -8.616  0.9579E-01  0.4803E+02
  -8.606  0.1720E-66  0.4803E+02
  -8.596  0.6627E-07  0.4803E+02
  -8.586  0.2729E-02  0.4803E+02
  -8.576  0.2095E-73  0.4803E+02
  -8.566  0.5465E-82  0.4803E+02
  -8.556  0.5465E-82  0.4803E+02
  -8.546  0.5465E-82  0.4803E+02
  -8.536  0.1271E-09  0.4803E+02
  -8.526  0.8001E+01  0.4811E+02
  -8.516  0.3822E+02  0.4849E+02
  -8.506  0.2843E+02  0.4878E+02
  -8.496  0.5074E+02  0.4929E+02
  -8.486  0.1959E-46  0.4929E+02
  -8.476  0.2072E-09  0.4929E+02
  -8.466  0.9405E+00  0.4930E+02
  -8.456  0.2132E-17  0.4930E+02
  -8.446  0.5369E+02  0.4983E+02
  -8.436  0.1605E-01  0.4983E+02
  -8.426  0.2038E-06  0.4983E+02
  -8.416  0.2066E+02  0.5004E+02
  -8.406  0.2390E+02  0.5028E+02
  -8.396  0.3484E-03  0.5028E+02
  -8.386  0.9190E-69  0.5028E+02
  -8.376  0.3178E-01  0.5028E+02
  -8.366  0.1524E-20  0.5028E+02
  -8.356  0.5465E-82  0.5028E+02
  -8.346  0.5465E-82  0.5028E+02
  -8.336  0.1308E-57  0.5028E+02
  -8.326  0.3565E+01  0.5031E+02
  -8.316  0.1760E-04  0.5031E+02
  -8.306  0.1434E-81  0.5031E+02
  -8.296  0.5472E-44  0.5031E+02
  -8.286  0.6430E+02  0.5096E+02
  -8.276  0.1048E-38  0.5096E+02
  -8.266  0.4630E-49  0.5096E+02
  -8.256  0.3389E+02  0.5130E+02
  -8.246  0.5149E-02  0.5130E+02
  -8.236  0.9347E-04  0.5130E+02
  -8.226  0.3129E-15  0.5130E+02
  -8.216  0.1973E+02  0.5149E+02
  -8.206  0.3705E-02  0.5149E+02
  -8.196  0.2686E-19  0.5149E+02
  -8.186  0.3148E-17  0.5149E+02
  -8.176  0.7521E+01  0.5157E+02
  -8.166  0.2769E-29  0.5157E+02
  -8.156  0.7224E+01  0.5164E+02
  -8.146  0.2325E-31  0.5164E+02
  -8.136  0.5465E-82  0.5164E+02
  -8.126  0.5465E-82  0.5164E+02
  -8.116  0.5465E-82  0.5164E+02
  -8.106  0.1819E-69  0.5164E+02
  -8.096  0.2228E-01  0.5164E+02
  -8.086  0.3785E-20  0.5164E+02
  -8.076  0.6532E+01  0.5171E+02
  -8.066  0.5886E-09  0.5171E+02
  -8.056  0.5465E-82  0.5171E+02
  -8.046  0.6262E-13  0.5171E+02
  -8.036  0.3176E-05  0.5171E+02
  -8.026  0.5478E-82  0.5171E+02
  -8.016  0.5465E-82  0.5171E+02
  -8.006  0.2827E-20  0.5171E+02
  -7.996  0.2500E-01  0.5171E+02
  -7.986  0.6560E+02  0.5236E+02
  -7.976  0.5292E-39  0.5236E+02
  -7.966  0.5465E-82  0.5236E+02
  -7.956  0.5465E-82  0.5236E+02
  -7.946  0.5465E-82  0.5236E+02
  -7.936  0.5465E-82  0.5236E+02
  -7.926  0.4405E-60  0.5236E+02
  -7.916  0.1467E+01  0.5238E+02
  -7.906  0.4162E-04  0.5238E+02
  -7.896  0.2028E-80  0.5238E+02
  -7.886  0.5465E-82  0.5238E+02
  -7.876  0.2694E-81  0.5238E+02
  -7.866  0.2253E-04  0.5238E+02
  -7.856  0.3275E-14  0.5238E+02
  -7.846  0.5465E-82  0.5238E+02
  -7.836  0.5465E-82  0.5238E+02
  -7.826  0.5465E-82  0.5238E+02
  -7.816  0.5465E-82  0.5238E+02
  -7.806  0.5465E-82  0.5238E+02
  -7.796  0.5465E-82  0.5238E+02
  -7.786  0.5290E-07  0.5238E+02
  -7.776  0.1283E-10  0.5238E+02
  -7.766  0.5465E-82  0.5238E+02
  -7.756  0.6330E-23  0.5238E+02
  -7.746  0.2162E+00  0.5238E+02
  -7.736  0.1129E+00  0.5238E+02
  -7.726  0.1926E-16  0.5238E+02
  -7.716  0.4395E-03  0.5238E+02
  -7.706  0.1391E-76  0.5238E+02
  -7.696  0.5465E-82  0.5238E+02
  -7.686  0.5465E-82  0.5238E+02
  -7.676  0.5465E-82  0.5238E+02
  -7.666  0.5465E-82  0.5238E+02
  -7.656  0.5465E-82  0.5238E+02
  -7.646  0.4588E-43  0.5238E+02
  -7.636  0.6775E+02  0.5306E+02
  -7.626  0.4026E-08  0.5306E+02
  -7.616  0.2288E-09  0.5306E+02
  -7.606  0.5322E+02  0.5359E+02
  -7.596  0.7046E+02  0.5430E+02
  -7.586  0.4810E-41  0.5430E+02
  -7.576  0.5465E-82  0.5430E+02
  -7.566  0.5465E-82  0.5430E+02
  -7.556  0.5465E-82  0.5430E+02
  -7.546  0.5465E-82  0.5430E+02
  -7.536  0.5465E-82  0.5430E+02
  -7.526  0.5465E-82  0.5430E+02
  -7.516  0.5465E-82  0.5430E+02
  -7.506  0.5465E-82  0.5430E+02
  -7.496  0.2436E-31  0.5430E+02
  -7.486  0.1583E+02  0.5445E+02
  -7.476  0.8493E-01  0.5445E+02
  -7.466  0.1605E-13  0.5445E+02
  -7.456  0.3723E+02  0.5483E+02
  -7.446  0.1213E-34  0.5483E+02
  -7.436  0.5465E-82  0.5483E+02
  -7.426  0.5465E-82  0.5483E+02
  -7.416  0.5465E-82  0.5483E+02
  -7.406  0.1494E-24  0.5483E+02
  -7.396  0.6556E+00  0.5483E+02
  -7.386  0.3988E-62  0.5483E+02
  -7.376  0.5465E-82  0.5483E+02
  -7.366  0.5465E-82  0.5483E+02
  -7.356  0.6386E-42  0.5483E+02
  -7.346  0.1283E+03  0.5612E+02
  -7.336  0.3865E-19  0.5612E+02
  -7.326  0.8542E-02  0.5612E+02
  -7.316  0.2618E-71  0.5612E+02
  -7.306  0.5465E-82  0.5612E+02
  -7.296  0.5465E-82  0.5612E+02
  -7.286  0.5465E-82  0.5612E+02
  -7.276  0.5465E-82  0.5612E+02
  -7.266  0.3397E-08  0.5612E+02
  -7.256  0.2737E-09  0.5612E+02
  -7.246  0.5465E-82  0.5612E+02
  -7.236  0.5465E-82  0.5612E+02
  -7.226  0.1214E-11  0.5612E+02
  -7.216  0.3577E-06  0.5612E+02
  -7.206  0.2149E+02  0.5633E+02
  -7.196  0.8878E-21  0.5633E+02
  -7.186  0.6934E-82  0.5633E+02
  -7.176  0.1061E-04  0.5633E+02
  -7.166  0.1836E-06  0.5633E+02
  -7.156  0.1339E-06  0.5633E+02
  -7.146  0.4185E-11  0.5633E+02
  -7.136  0.4044E-04  0.5633E+02
  -7.126  0.2922E+02  0.5662E+02
  -7.116  0.6320E-38  0.5662E+02
  -7.106  0.5465E-82  0.5662E+02
  -7.096  0.5465E-82  0.5662E+02
  -7.086  0.5465E-82  0.5662E+02
  -7.076  0.4032E-32  0.5662E+02
  -7.066  0.2010E+02  0.5682E+02
  -7.056  0.1389E-51  0.5682E+02
  -7.046  0.5465E-82  0.5682E+02
  -7.036  0.1030E-31  0.5682E+02
  -7.026  0.1780E+02  0.5700E+02
  -7.016  0.1808E+00  0.5700E+02
  -7.006  0.5941E-24  0.5700E+02
  -6.996  0.5465E-82  0.5700E+02
  -6.986  0.5465E-82  0.5700E+02
  -6.976  0.5465E-82  0.5700E+02
  -6.966  0.5465E-82  0.5700E+02
  -6.956  0.5465E-82  0.5700E+02
  -6.946  0.5465E-82  0.5700E+02
  -6.936  0.5843E-18  0.5700E+02
  -6.926  0.2519E-02  0.5700E+02
  -6.916  0.1506E-73  0.5700E+02
  -6.906  0.3818E-23  0.5700E+02
  -6.896  0.2534E+00  0.5701E+02
  -6.886  0.2540E-64  0.5701E+02
  -6.876  0.9070E-01  0.5701E+02
  -6.866  0.5480E-23  0.5701E+02
  -6.856  0.5465E-82  0.5701E+02
  -6.846  0.5465E-82  0.5701E+02
  -6.836  0.5465E-82  0.5701E+02
  -6.826  0.5465E-82  0.5701E+02
  -6.816  0.5465E-82  0.5701E+02
  -6.806  0.5465E-82  0.5701E+02
  -6.796  0.5415E-54  0.5701E+02
  -6.786  0.1088E+02  0.5712E+02
  -6.776  0.3032E-30  0.5712E+02
  -6.766  0.5465E-82  0.5712E+02
  -6.756  0.5465E-82  0.5712E+02
  -6.746  0.5465E-82  0.5712E+02
  -6.736  0.5465E-82  0.5712E+02
  -6.726  0.5465E-82  0.5712E+02
  -6.716  0.5465E-82  0.5712E+02
  -6.706  0.5465E-82  0.5712E+02
  -6.696  0.5465E-82  0.5712E+02
  -6.686  0.5465E-82  0.5712E+02
  -6.676  0.5465E-82  0.5712E+02
  -6.666  0.6275E-33  0.5712E+02
  -6.656  0.2511E+02  0.5737E+02
  -6.646  0.6457E+02  0.5801E+02
  -6.636  0.9136E-39  0.5801E+02
  -6.626  0.1317E+01  0.5803E+02
  -6.616  0.1047E-25  0.5803E+02
  -6.606  0.5465E-82  0.5803E+02
  -6.596  0.5465E-82  0.5803E+02
  -6.586  0.5465E-82  0.5803E+02
  -6.576  0.5465E-82  0.5803E+02
  -6.566  0.5465E-82  0.5803E+02
  -6.556  0.2103E-63  0.5803E+02
  -6.546  0.2182E+00  0.5803E+02
  -6.536  0.8775E-06  0.5803E+02
  -6.526  0.3816E-12  0.5803E+02
  -6.516  0.2168E+02  0.5825E+02
  -6.506  0.1622E-30  0.5825E+02
  -6.496  0.1200E+02  0.5837E+02
  -6.486  0.1231E-53  0.5837E+02
  -6.476  0.8531E-01  0.5837E+02
  -6.466  0.1033E-21  0.5837E+02
  -6.456  0.2356E-26  0.5837E+02
  -6.446  0.8436E+02  0.5921E+02
  -6.436  0.6524E-44  0.5921E+02
  -6.426  0.4555E+01  0.5926E+02
  -6.416  0.4039E-28  0.5926E+02
  -6.406  0.4490E-74  0.5926E+02
  -6.396  0.1876E-02  0.5926E+02
  -6.386  0.1086E-17  0.5926E+02
  -6.376  0.5465E-82  0.5926E+02
  -6.366  0.5465E-82  0.5926E+02
  -6.356  0.5465E-82  0.5926E+02
  -6.346  0.5465E-82  0.5926E+02
  -6.336  0.5465E-82  0.5926E+02
  -6.326  0.5465E-82  0.5926E+02
  -6.316  0.5699E-82  0.5926E+02
  -6.306  0.6340E-05  0.5926E+02
  -6.296  0.2288E-13  0.5926E+02
  -6.286  0.1894E-28  0.5926E+02
  -6.276  0.5280E+01  0.5931E+02
  -6.266  0.6160E+02  0.5992E+02
  -6.256  0.1959E-08  0.5992E+02
  -6.246  0.2116E+02  0.6014E+02
  -6.236  0.2329E-51  0.6014E+02
  -6.226  0.4236E-27  0.6014E+02
  -6.216  0.2790E+01  0.6016E+02
  -6.206  0.2547E-58  0.6016E+02
  -6.196  0.5780E-03  0.6016E+02
  -6.186  0.1143E-16  0.6016E+02
  -6.176  0.3498E-01  0.6016E+02
  -6.166  0.2612E-08  0.6016E+02
  -6.156  0.1405E+02  0.6030E+02
  -6.146  0.8635E+01  0.6039E+02
  -6.136  0.1243E-29  0.6039E+02
  -6.126  0.5465E-82  0.6039E+02
  -6.116  0.5465E-82  0.6039E+02
  -6.106  0.5465E-82  0.6039E+02
  -6.096  0.5465E-82  0.6039E+02
  -6.086  0.5465E-82  0.6039E+02
  -6.076  0.1099E-07  0.6039E+02
  -6.066  0.7720E-10  0.6039E+02
  -6.056  0.6128E-16  0.6039E+02
  -6.046  0.2353E-03  0.6039E+02
  -6.036  0.1253E-77  0.6039E+02
  -6.026  0.5465E-82  0.6039E+02
  -6.016  0.5465E-82  0.6039E+02
  -6.006  0.5465E-82  0.6039E+02
  -5.996  0.5465E-82  0.6039E+02
  -5.986  0.5465E-82  0.6039E+02
  -5.976  0.5465E-82  0.6039E+02
  -5.966  0.5465E-82  0.6039E+02
  -5.956  0.5465E-82  0.6039E+02
  -5.946  0.5465E-82  0.6039E+02
  -5.936  0.4166E-63  0.6039E+02
  -5.926  0.4356E+00  0.6040E+02
  -5.916  0.6315E-24  0.6040E+02
  -5.906  0.5465E-82  0.6040E+02
  -5.896  0.5465E-82  0.6040E+02
  -5.886  0.5152E-16  0.6040E+02
  -5.876  0.2588E-03  0.6040E+02
  -5.866  0.1802E-77  0.6040E+02
  -5.856  0.5465E-82  0.6040E+02
  -5.846  0.5465E-82  0.6040E+02
  -5.836  0.5465E-82  0.6040E+02
  -5.826  0.5465E-82  0.6040E+02
  -5.816  0.5465E-82  0.6040E+02
  -5.806  0.5465E-82  0.6040E+02
  -5.796  0.1688E-74  0.6040E+02
  -5.786  0.1474E-02  0.6040E+02
  -5.776  0.1785E-17  0.6040E+02
  -5.766  0.5465E-82  0.6040E+02
  -5.756  0.8392E-46  0.6040E+02
  -5.746  0.5466E+02  0.6094E+02
  -5.736  0.4936E-37  0.6094E+02
  -5.726  0.5465E-82  0.6094E+02
  -5.716  0.5465E-82  0.6094E+02
  -5.706  0.5465E-82  0.6094E+02
  -5.696  0.1519E-26  0.6094E+02
  -5.686  0.2093E+01  0.6096E+02
  -5.676  0.3999E-59  0.6096E+02
  -5.666  0.5465E-82  0.6096E+02
  -5.656  0.5465E-82  0.6096E+02
  -5.646  0.5465E-82  0.6096E+02
  -5.636  0.5125E-28  0.6096E+02
  -5.626  0.4344E+01  0.6101E+02
  -5.616  0.5106E-57  0.6101E+02
  -5.606  0.5465E-82  0.6101E+02
  -5.596  0.5413E-40  0.6101E+02
  -5.586  0.3404E+02  0.6135E+02
  -5.576  0.2968E-43  0.6135E+02
  -5.566  0.5465E-82  0.6135E+02
  -5.556  0.5465E-82  0.6135E+02
  -5.546  0.5465E-82  0.6135E+02
  -5.536  0.5465E-82  0.6135E+02
  -5.526  0.5465E-82  0.6135E+02
  -5.516  0.6575E-11  0.6135E+02
  -5.506  0.9250E-07  0.6135E+02
  -5.496  0.1407E+00  0.6135E+02
  -5.486  0.1154E-65  0.6135E+02
  -5.476  0.5465E-82  0.6135E+02
  -5.466  0.5465E-82  0.6135E+02
  -5.456  0.5465E-82  0.6135E+02
  -5.446  0.5465E-82  0.6135E+02
  -5.436  0.5465E-82  0.6135E+02
  -5.426  0.5465E-82  0.6135E+02
  -5.416  0.5465E-82  0.6135E+02
  -5.406  0.5465E-82  0.6135E+02
  -5.396  0.5465E-82  0.6135E+02
  -5.386  0.5465E-82  0.6135E+02
  -5.376  0.5465E-82  0.6135E+02
  -5.366  0.5465E-82  0.6135E+02
  -5.356  0.5465E-82  0.6135E+02
  -5.346  0.5465E-82  0.6135E+02
  -5.336  0.5465E-82  0.6135E+02
  -5.326  0.3871E-61  0.6135E+02
  -5.316  0.9750E+00  0.6136E+02
  -5.306  0.3405E-25  0.6136E+02
  -5.296  0.5465E-82  0.6136E+02
  -5.286  0.5465E-82  0.6136E+02
  -5.276  0.5465E-82  0.6136E+02
  -5.266  0.5465E-82  0.6136E+02
  -5.256  0.5653E-68  0.6136E+02
  -5.246  0.4697E-01  0.6136E+02
  -5.236  0.5412E-21  0.6136E+02
  -5.226  0.5465E-82  0.6136E+02
  -5.216  0.5465E-82  0.6136E+02
  -5.206  0.5465E-82  0.6136E+02
  -5.196  0.5465E-82  0.6136E+02
  -5.186  0.5465E-82  0.6136E+02
  -5.176  0.5465E-82  0.6136E+02
  -5.166  0.5465E-82  0.6136E+02
  -5.156  0.5465E-82  0.6136E+02
  -5.146  0.1340E-31  0.6136E+02
  -5.136  0.1718E+02  0.6153E+02
  -5.126  0.3055E-52  0.6153E+02
  -5.116  0.5465E-82  0.6153E+02
  -5.106  0.5465E-82  0.6153E+02
  -5.096  0.5465E-82  0.6153E+02
  -5.086  0.5465E-82  0.6153E+02
  -5.076  0.5465E-82  0.6153E+02
  -5.066  0.5465E-82  0.6153E+02
  -5.056  0.5465E-82  0.6153E+02
  -5.046  0.5465E-82  0.6153E+02
  -5.036  0.5465E-82  0.6153E+02
  -5.026  0.5465E-82  0.6153E+02
  -5.016  0.5465E-82  0.6153E+02
  -5.006  0.5465E-82  0.6153E+02
  -4.996  0.1037E-06  0.6153E+02
  -4.986  0.5720E-11  0.6153E+02
  -4.976  0.3955E-05  0.6153E+02
  -4.966  0.4567E-13  0.6153E+02
  -4.956  0.5465E-82  0.6153E+02
  -4.946  0.5465E-82  0.6153E+02
  -4.936  0.5465E-82  0.6153E+02
  -4.926  0.5465E-82  0.6153E+02
  -4.916  0.5465E-82  0.6153E+02
  -4.906  0.5465E-82  0.6153E+02
  -4.896  0.5465E-82  0.6153E+02
  -4.886  0.5465E-82  0.6153E+02
  -4.876  0.5465E-82  0.6153E+02
  -4.866  0.5465E-82  0.6153E+02
  -4.856  0.5465E-82  0.6153E+02
  -4.846  0.5465E-82  0.6153E+02
  -4.836  0.1925E-75  0.6153E+02
  -4.826  0.8578E-03  0.6153E+02
  -4.816  0.5300E-17  0.6153E+02
  -4.806  0.5465E-82  0.6153E+02
  -4.796  0.5465E-82  0.6153E+02
  -4.786  0.8298E-82  0.6153E+02
  -4.776  0.1277E-04  0.6153E+02
  -4.766  0.7951E-14  0.6153E+02
  -4.756  0.5465E-82  0.6153E+02
  -4.746  0.5465E-82  0.6153E+02
  -4.736  0.5465E-82  0.6153E+02
  -4.726  0.5465E-82  0.6153E+02
  -4.716  0.5465E-82  0.6153E+02
  -4.706  0.1591E-50  0.6153E+02
  -4.696  0.2542E+02  0.6178E+02
  -4.686  0.5630E-33  0.6178E+02
  -4.676  0.5465E-82  0.6178E+02
  -4.666  0.5465E-82  0.6178E+02
  -4.656  0.5465E-82  0.6178E+02
  -4.646  0.5465E-82  0.6178E+02
  -4.636  0.5465E-82  0.6178E+02
  -4.626  0.1981E-64  0.6178E+02
  -4.616  0.2456E+00  0.6179E+02
  -4.606  0.4222E-23  0.6179E+02
  -4.596  0.6570E+02  0.6244E+02
  -4.586  0.5005E-39  0.6244E+02
  -4.576  0.5465E-82  0.6244E+02
  -4.566  0.6830E-61  0.6244E+02
  -4.556  0.6038E+00  0.6245E+02
  -4.546  0.7400E-26  0.6245E+02
  -4.536  0.1870E-04  0.6245E+02
  -4.526  0.4394E-14  0.6245E+02
  -4.516  0.2775E-13  0.6245E+02
  -4.506  0.1727E-05  0.6245E+02
  -4.496  0.5475E-82  0.6245E+02
  -4.486  0.5465E-82  0.6245E+02
  -4.476  0.5465E-82  0.6245E+02
  -4.466  0.5465E-82  0.6245E+02
  -4.456  0.5465E-82  0.6245E+02
  -4.446  0.5465E-82  0.6245E+02
  -4.436  0.5465E-82  0.6245E+02
  -4.426  0.5465E-82  0.6245E+02
  -4.416  0.5465E-82  0.6245E+02
  -4.406  0.5465E-82  0.6245E+02
  -4.396  0.5465E-82  0.6245E+02
  -4.386  0.5465E-82  0.6245E+02
  -4.376  0.5465E-82  0.6245E+02
  -4.366  0.5465E-82  0.6245E+02
  -4.356  0.5465E-82  0.6245E+02
  -4.346  0.5465E-82  0.6245E+02
  -4.336  0.5465E-82  0.6245E+02
  -4.326  0.5465E-82  0.6245E+02
  -4.316  0.5465E-82  0.6245E+02
  -4.306  0.5465E-82  0.6245E+02
  -4.296  0.5465E-82  0.6245E+02
  -4.286  0.5465E-82  0.6245E+02
  -4.276  0.5465E-82  0.6245E+02
  -4.266  0.5465E-82  0.6245E+02
  -4.256  0.5465E-82  0.6245E+02
  -4.246  0.5465E-82  0.6245E+02
  -4.236  0.5465E-82  0.6245E+02
  -4.226  0.5465E-82  0.6245E+02
  -4.216  0.5465E-82  0.6245E+02
  -4.206  0.5465E-82  0.6245E+02
  -4.196  0.5465E-82  0.6245E+02
  -4.186  0.5465E-82  0.6245E+02
  -4.176  0.5465E-82  0.6245E+02
  -4.166  0.5465E-82  0.6245E+02
  -4.156  0.5465E-82  0.6245E+02
  -4.146  0.5465E-82  0.6245E+02
  -4.136  0.5465E-82  0.6245E+02
  -4.126  0.5465E-82  0.6245E+02
  -4.116  0.5465E-82  0.6245E+02
  -4.106  0.5465E-82  0.6245E+02
  -4.096  0.5465E-82  0.6245E+02
  -4.086  0.5465E-82  0.6245E+02
  -4.076  0.5465E-82  0.6245E+02
  -4.066  0.5465E-82  0.6245E+02
  -4.056  0.5465E-82  0.6245E+02
  -4.046  0.5465E-82  0.6245E+02
  -4.036  0.5465E-82  0.6245E+02
  -4.026  0.5465E-82  0.6245E+02
  -4.016  0.5465E-82  0.6245E+02
  -4.006  0.5465E-82  0.6245E+02
  -3.996  0.5465E-82  0.6245E+02
  -3.986  0.5465E-82  0.6245E+02
  -3.976  0.5465E-82  0.6245E+02
  -3.966  0.5465E-82  0.6245E+02
  -3.956  0.5465E-82  0.6245E+02
  -3.946  0.5465E-82  0.6245E+02
  -3.936  0.5465E-82  0.6245E+02
  -3.926  0.5465E-82  0.6245E+02
  -3.916  0.5465E-82  0.6245E+02
  -3.906  0.5465E-82  0.6245E+02
  -3.896  0.5465E-82  0.6245E+02
  -3.886  0.5465E-82  0.6245E+02
  -3.876  0.5465E-82  0.6245E+02
  -3.866  0.5465E-82  0.6245E+02
  -3.856  0.5465E-82  0.6245E+02
  -3.846  0.5465E-82  0.6245E+02
  -3.836  0.5465E-82  0.6245E+02
  -3.826  0.5465E-82  0.6245E+02
  -3.816  0.5465E-82  0.6245E+02
  -3.806  0.5465E-82  0.6245E+02
  -3.796  0.5465E-82  0.6245E+02
  -3.786  0.5465E-82  0.6245E+02
  -3.776  0.5465E-82  0.6245E+02
  -3.766  0.5465E-82  0.6245E+02
  -3.756  0.5465E-82  0.6245E+02
  -3.746  0.5465E-82  0.6245E+02
  -3.736  0.5465E-82  0.6245E+02
  -3.726  0.5465E-82  0.6245E+02
  -3.716  0.5465E-82  0.6245E+02
  -3.706  0.5465E-82  0.6245E+02
  -3.696  0.5465E-82  0.6245E+02
  -3.686  0.5465E-82  0.6245E+02
  -3.676  0.5465E-82  0.6245E+02
  -3.666  0.5465E-82  0.6245E+02
  -3.656  0.5465E-82  0.6245E+02
  -3.646  0.5465E-82  0.6245E+02
  -3.636  0.5465E-82  0.6245E+02
  -3.626  0.5465E-82  0.6245E+02
  -3.616  0.5465E-82  0.6245E+02
  -3.606  0.5465E-82  0.6245E+02
  -3.596  0.5465E-82  0.6245E+02
  -3.586  0.5465E-82  0.6245E+02
  -3.576  0.5465E-82  0.6245E+02
  -3.566  0.5465E-82  0.6245E+02
  -3.556  0.5465E-82  0.6245E+02
  -3.546  0.5465E-82  0.6245E+02
  -3.536  0.5465E-82  0.6245E+02
  -3.526  0.5465E-82  0.6245E+02
  -3.516  0.5465E-82  0.6245E+02
  -3.506  0.5465E-82  0.6245E+02
  -3.496  0.5465E-82  0.6245E+02
  -3.486  0.5465E-82  0.6245E+02
  -3.476  0.5465E-82  0.6245E+02
  -3.466  0.5465E-82  0.6245E+02
  -3.456  0.5465E-82  0.6245E+02
  -3.446  0.5465E-82  0.6245E+02
  -3.436  0.5465E-82  0.6245E+02
  -3.426  0.5465E-82  0.6245E+02
  -3.416  0.5465E-82  0.6245E+02
  -3.406  0.5465E-82  0.6245E+02
  -3.396  0.5465E-82  0.6245E+02
  -3.386  0.5465E-82  0.6245E+02
  -3.376  0.5465E-82  0.6245E+02
  -3.366  0.5465E-82  0.6245E+02
  -3.356  0.5465E-82  0.6245E+02
  -3.346  0.5465E-82  0.6245E+02
  -3.336  0.5465E-82  0.6245E+02
  -3.326  0.5465E-82  0.6245E+02
  -3.316  0.5465E-82  0.6245E+02
  -3.306  0.5465E-82  0.6245E+02
  -3.296  0.5465E-82  0.6245E+02
  -3.286  0.5465E-82  0.6245E+02
  -3.276  0.5465E-82  0.6245E+02
  -3.266  0.5465E-82  0.6245E+02
  -3.256  0.5465E-82  0.6245E+02
  -3.246  0.5465E-82  0.6245E+02
  -3.236  0.5465E-82  0.6245E+02
  -3.226  0.5465E-82  0.6245E+02
  -3.216  0.5465E-82  0.6245E+02
  -3.206  0.5465E-82  0.6245E+02
  -3.196  0.5465E-82  0.6245E+02
  -3.186  0.5465E-82  0.6245E+02
  -3.176  0.5465E-82  0.6245E+02
  -3.166  0.5465E-82  0.6245E+02
  -3.156  0.5465E-82  0.6245E+02
  -3.146  0.5465E-82  0.6245E+02
  -3.136  0.5465E-82  0.6245E+02
  -3.126  0.5465E-82  0.6245E+02
  -3.116  0.5465E-82  0.6245E+02
  -3.106  0.5465E-82  0.6245E+02
  -3.096  0.5465E-82  0.6245E+02
  -3.086  0.5465E-82  0.6245E+02
  -3.076  0.5465E-82  0.6245E+02
  -3.066  0.5465E-82  0.6245E+02
  -3.056  0.5465E-82  0.6245E+02
  -3.046  0.5465E-82  0.6245E+02
  -3.036  0.5465E-82  0.6245E+02
  -3.026  0.5465E-82  0.6245E+02
  -3.016  0.5465E-82  0.6245E+02
  -3.006  0.5465E-82  0.6245E+02
  -2.996  0.5465E-82  0.6245E+02
  -2.986  0.5465E-82  0.6245E+02
  -2.976  0.5465E-82  0.6245E+02
  -2.966  0.5465E-82  0.6245E+02
  -2.956  0.5465E-82  0.6245E+02
  -2.946  0.5465E-82  0.6245E+02
  -2.936  0.5465E-82  0.6245E+02
  -2.926  0.5465E-82  0.6245E+02
  -2.916  0.5465E-82  0.6245E+02
  -2.906  0.5465E-82  0.6245E+02
  -2.896  0.5465E-82  0.6245E+02
  -2.886  0.5465E-82  0.6245E+02
  -2.876  0.5465E-82  0.6245E+02
  -2.866  0.5465E-82  0.6245E+02
  -2.856  0.5465E-82  0.6245E+02
  -2.846  0.5465E-82  0.6245E+02
  -2.836  0.5465E-82  0.6245E+02
  -2.826  0.1492E-61  0.6245E+02
  -2.816  0.4662E+00  0.6245E+02
  -2.806  0.3200E+02  0.6277E+02
  -2.796  0.3890E-13  0.6277E+02
  -2.786  0.4418E-05  0.6277E+02
  -2.776  0.5525E-82  0.6277E+02
  -2.766  0.2534E-72  0.6277E+02
  -2.756  0.4951E-02  0.6277E+02
  -2.746  0.3565E-01  0.6277E+02
  -2.736  0.1128E-20  0.6277E+02
  -2.726  0.5465E-82  0.6277E+02
  -2.716  0.5465E-82  0.6277E+02
  -2.706  0.5465E-82  0.6277E+02
  -2.696  0.5465E-82  0.6277E+02
  -2.686  0.5465E-82  0.6277E+02
  -2.676  0.3303E-09  0.6277E+02
  -2.666  0.2839E-08  0.6277E+02
  -2.656  0.5465E-82  0.6277E+02
  -2.646  0.5465E-82  0.6277E+02
  -2.636  0.5465E-82  0.6277E+02
  -2.626  0.5465E-82  0.6277E+02
  -2.616  0.5465E-82  0.6277E+02
  -2.606  0.5465E-82  0.6277E+02
  -2.596  0.5625E-11  0.6277E+02
  -2.586  0.1052E-06  0.6277E+02
  -2.576  0.5146E-01  0.6278E+02
  -2.566  0.8687E-68  0.6278E+02
  -2.556  0.5465E-82  0.6278E+02
  -2.546  0.5465E-82  0.6278E+02
  -2.536  0.5465E-82  0.6278E+02
  -2.526  0.5465E-82  0.6278E+02
  -2.516  0.5465E-82  0.6278E+02
  -2.506  0.5465E-82  0.6278E+02
  -2.496  0.5465E-82  0.6278E+02
  -2.486  0.5465E-82  0.6278E+02
  -2.476  0.3619E-07  0.6278E+02
  -2.466  0.2002E-10  0.6278E+02
  -2.456  0.5465E-82  0.6278E+02
  -2.446  0.5465E-82  0.6278E+02
  -2.436  0.5465E-82  0.6278E+02
  -2.426  0.5465E-82  0.6278E+02
  -2.416  0.5465E-82  0.6278E+02
  -2.406  0.5465E-82  0.6278E+02
  -2.396  0.5465E-82  0.6278E+02
  -2.386  0.5465E-82  0.6278E+02
  -2.376  0.1034E-55  0.6278E+02
  -2.366  0.6585E+01  0.6284E+02
  -2.356  0.6936E-04  0.6284E+02
  -2.346  0.5202E-15  0.6284E+02
  -2.336  0.5465E-82  0.6284E+02
  -2.326  0.5465E-82  0.6284E+02
  -2.316  0.5465E-82  0.6284E+02
  -2.306  0.5465E-82  0.6284E+02
  -2.296  0.5465E-82  0.6284E+02
  -2.286  0.5465E-82  0.6284E+02
  -2.276  0.5465E-82  0.6284E+02
  -2.266  0.5465E-82  0.6284E+02
  -2.256  0.5465E-82  0.6284E+02
  -2.246  0.5465E-82  0.6284E+02
  -2.236  0.6105E-66  0.6284E+02
  -2.226  0.1239E+00  0.6284E+02
  -2.216  0.3484E-22  0.6284E+02
  -2.206  0.5465E-82  0.6284E+02
  -2.196  0.5465E-82  0.6284E+02
  -2.186  0.5465E-82  0.6284E+02
  -2.176  0.5465E-82  0.6284E+02
  -2.166  0.5465E-82  0.6284E+02
  -2.156  0.5465E-82  0.6284E+02
  -2.146  0.5465E-82  0.6284E+02
  -2.136  0.5465E-82  0.6284E+02
  -2.126  0.5465E-82  0.6284E+02
  -2.116  0.1284E-67  0.6284E+02
  -2.106  0.5589E-01  0.6284E+02
  -2.096  0.3373E-21  0.6284E+02
  -2.086  0.6965E+02  0.6354E+02
  -2.076  0.1000E-42  0.6354E+02
  -2.066  0.5465E-82  0.6354E+02
  -2.056  0.5465E-82  0.6354E+02
  -2.046  0.1871E-17  0.6354E+02
  -2.036  0.1441E-02  0.6354E+02
  -2.026  0.1539E-74  0.6354E+02
  -2.016  0.5465E-82  0.6354E+02
  -2.006  0.5465E-82  0.6354E+02
  -1.996  0.5465E-82  0.6354E+02
  -1.986  0.5465E-82  0.6354E+02
  -1.976  0.5465E-82  0.6354E+02
  -1.966  0.5465E-82  0.6354E+02
  -1.956  0.5465E-82  0.6354E+02
  -1.946  0.6172E-09  0.6354E+02
  -1.936  0.1548E-08  0.6354E+02
  -1.926  0.5465E-82  0.6354E+02
  -1.916  0.5465E-82  0.6354E+02
  -1.906  0.7984E-13  0.6354E+02
  -1.896  0.2678E-05  0.6354E+02
  -1.886  0.5468E-82  0.6354E+02
  -1.876  0.5465E-82  0.6354E+02
  -1.866  0.2895E-80  0.6354E+02
  -1.856  0.2779E-04  0.6354E+02
  -1.846  0.1618E-08  0.6354E+02
  -1.836  0.5903E-09  0.6354E+02
  -1.826  0.8045E+00  0.6355E+02
  -1.816  0.7149E-25  0.6355E+02
  -1.806  0.2255E+01  0.6357E+02
  -1.796  0.2180E-24  0.6357E+02
  -1.786  0.5902E+00  0.6358E+02
  -1.776  0.2216E-62  0.6358E+02
  -1.766  0.7408E-62  0.6358E+02
  -1.756  0.7315E+00  0.6358E+02
  -1.746  0.1001E-24  0.6358E+02
  -1.736  0.5465E-82  0.6358E+02
  -1.726  0.5465E-82  0.6358E+02
  -1.716  0.5465E-82  0.6358E+02
  -1.706  0.5465E-82  0.6358E+02
  -1.696  0.1636E-36  0.6358E+02
  -1.686  0.5107E+02  0.6409E+02
  -1.676  0.1138E-08  0.6409E+02
  -1.666  0.5465E-82  0.6409E+02
  -1.656  0.5465E-82  0.6409E+02
  -1.646  0.5465E-82  0.6409E+02
  -1.636  0.3922E-25  0.6409E+02
  -1.626  0.9396E+00  0.6410E+02
  -1.616  0.3121E-61  0.6410E+02
  -1.606  0.5465E-82  0.6410E+02
  -1.596  0.1139E-05  0.6410E+02
  -1.586  0.2621E-12  0.6410E+02
  -1.576  0.5465E-82  0.6410E+02
  -1.566  0.5465E-82  0.6410E+02
  -1.556  0.5465E-82  0.6410E+02
  -1.546  0.2067E-39  0.6410E+02
  -1.536  0.6717E+02  0.6478E+02
  -1.526  0.3027E-43  0.6478E+02
  -1.516  0.5465E-82  0.6478E+02
  -1.506  0.5465E-82  0.6478E+02
  -1.496  0.2507E-17  0.6478E+02
  -1.486  0.1248E-02  0.6478E+02
  -1.476  0.8609E-75  0.6478E+02
  -1.466  0.2989E-09  0.6478E+02
  -1.456  0.3124E-08  0.6478E+02
  -1.446  0.5465E-82  0.6478E+02
  -1.436  0.5465E-82  0.6478E+02
  -1.426  0.1921E-34  0.6478E+02
  -1.416  0.3575E+02  0.6513E+02
  -1.406  0.9228E-49  0.6513E+02
  -1.396  0.5465E-82  0.6513E+02
  -1.386  0.4471E-30  0.6513E+02
  -1.376  0.1023E+02  0.6523E+02
  -1.366  0.3243E-54  0.6523E+02
  -1.356  0.5465E-82  0.6523E+02
  -1.346  0.5465E-82  0.6523E+02
  -1.336  0.5465E-82  0.6523E+02
  -1.326  0.5465E-82  0.6523E+02
  -1.316  0.5465E-82  0.6523E+02
  -1.306  0.5465E-82  0.6523E+02
  -1.296  0.2335E-32  0.6523E+02
  -1.286  0.2151E+02  0.6545E+02
  -1.276  0.2748E-51  0.6545E+02
  -1.266  0.9578E-05  0.6545E+02
  -1.256  0.5018E+02  0.6595E+02
  -1.246  0.1603E-46  0.6595E+02
  -1.236  0.5465E-82  0.6595E+02
  -1.226  0.5465E-82  0.6595E+02
  -1.216  0.5465E-82  0.6595E+02
  -1.206  0.5465E-82  0.6595E+02
  -1.196  0.5465E-82  0.6595E+02
  -1.186  0.5465E-82  0.6595E+02
  -1.176  0.5465E-82  0.6595E+02
  -1.166  0.5465E-82  0.6595E+02
  -1.156  0.5465E-82  0.6595E+02
  -1.146  0.5465E-82  0.6595E+02
  -1.136  0.5465E-82  0.6595E+02
  -1.126  0.4328E-48  0.6595E+02
  -1.116  0.4003E+02  0.6635E+02
  -1.106  0.5027E+02  0.6685E+02
  -1.096  0.9001E-47  0.6685E+02
  -1.086  0.5465E-82  0.6685E+02
  -1.076  0.5465E-82  0.6685E+02
  -1.066  0.5465E-82  0.6685E+02
  -1.056  0.5465E-82  0.6685E+02
  -1.046  0.5465E-82  0.6685E+02
  -1.036  0.5465E-82  0.6685E+02
  -1.026  0.5465E-82  0.6685E+02
  -1.016  0.8717E-16  0.6685E+02
  -1.006  0.1935E-03  0.6685E+02
  -0.996  0.5959E-78  0.6685E+02
  -0.986  0.5465E-82  0.6685E+02
  -0.976  0.5465E-82  0.6685E+02
  -0.966  0.5465E-82  0.6685E+02
  -0.956  0.5465E-82  0.6685E+02
  -0.946  0.5415E-32  0.6685E+02
  -0.936  0.1936E+02  0.6705E+02
  -0.926  0.3393E+00  0.6705E+02
  -0.916  0.1086E-63  0.6705E+02
  -0.906  0.1483E-22  0.6705E+02
  -0.896  0.1644E+00  0.6705E+02
  -0.886  0.2526E-65  0.6705E+02
  -0.876  0.5465E-82  0.6705E+02
  -0.866  0.5465E-82  0.6705E+02
  -0.856  0.5465E-82  0.6705E+02
  -0.846  0.5465E-82  0.6705E+02
  -0.836  0.5465E-82  0.6705E+02
  -0.826  0.5465E-82  0.6705E+02
  -0.816  0.2351E-59  0.6705E+02
  -0.806  0.1074E+01  0.6706E+02
  -0.796  0.9013E+01  0.6715E+02
  -0.786  0.1168E-54  0.6715E+02
  -0.776  0.1498E-25  0.6715E+02
  -0.766  0.1204E+01  0.6717E+02
  -0.756  0.1341E-60  0.6717E+02
  -0.746  0.5465E-82  0.6717E+02
  -0.736  0.5465E-82  0.6717E+02
  -0.726  0.5828E-82  0.6717E+02
  -0.716  0.7159E-05  0.6717E+02
  -0.706  0.1910E-13  0.6717E+02
  -0.696  0.5465E-82  0.6717E+02
  -0.686  0.5465E-82  0.6717E+02
  -0.676  0.5465E-82  0.6717E+02
  -0.666  0.5465E-82  0.6717E+02
  -0.656  0.3555E-25  0.6717E+02
  -0.646  0.3856E+02  0.6755E+02
  -0.636  0.1811E-48  0.6755E+02
  -0.626  0.1170E-05  0.6755E+02
  -0.616  0.4833E-13  0.6755E+02
  -0.606  0.6806E+02  0.6823E+02
  -0.596  0.8599E-06  0.6823E+02
  -0.586  0.7435E-13  0.6823E+02
  -0.576  0.9329E-42  0.6823E+02
  -0.566  0.3525E+02  0.6859E+02
  -0.556  0.5603E+00  0.6859E+02
  -0.546  0.1515E-51  0.6859E+02
  -0.536  0.2028E+02  0.6879E+02
  -0.526  0.3763E-32  0.6879E+02
  -0.516  0.5465E-82  0.6879E+02
  -0.506  0.2489E-41  0.6879E+02
  -0.496  0.7052E+02  0.6950E+02
  -0.486  0.7094E-15  0.6950E+02
  -0.476  0.5465E-82  0.6950E+02
  -0.466  0.5465E-82  0.6950E+02
  -0.456  0.5465E-82  0.6950E+02
  -0.446  0.1658E-06  0.6950E+02
  -0.436  0.3212E-11  0.6950E+02
  -0.426  0.5465E-82  0.6950E+02
  -0.416  0.1465E-12  0.6950E+02
  -0.406  0.1738E-05  0.6950E+02
  -0.396  0.5465E-82  0.6950E+02
  -0.386  0.5465E-82  0.6950E+02
  -0.376  0.2311E-06  0.6950E+02
  -0.366  0.2120E-11  0.6950E+02
  -0.356  0.1111E+00  0.6950E+02
  -0.346  0.3562E-66  0.6950E+02
  -0.336  0.5465E-82  0.6950E+02
  -0.326  0.5465E-82  0.6950E+02
  -0.316  0.5465E-82  0.6950E+02
  -0.306  0.5682E-36  0.6950E+02
  -0.296  0.4716E+02  0.6997E+02
  -0.286  0.6921E+02  0.7066E+02
  -0.276  0.1660E-42  0.7066E+02
  -0.266  0.5465E-82  0.7066E+02
  -0.256  0.5465E-82  0.7066E+02
  -0.246  0.5465E-82  0.7066E+02
  -0.236  0.5465E-82  0.7066E+02
  -0.226  0.5465E-82  0.7066E+02
  -0.216  0.5465E-82  0.7066E+02
  -0.206  0.5465E-82  0.7066E+02
  -0.196  0.2418E-47  0.7066E+02
  -0.186  0.4488E+02  0.7111E+02
  -0.176  0.1155E-35  0.7111E+02
  -0.166  0.5465E-82  0.7111E+02
  -0.156  0.5465E-82  0.7111E+02
  -0.146  0.5465E-82  0.7111E+02
  -0.136  0.5465E-82  0.7111E+02
  -0.126  0.5465E-82  0.7111E+02
  -0.116  0.5465E-82  0.7111E+02
  -0.106  0.5465E-82  0.7111E+02
  -0.096  0.4948E-06  0.7111E+02
  -0.086  0.7967E-12  0.7111E+02
  -0.076  0.4797E-07  0.7111E+02
  -0.066  0.1297E-02  0.7111E+02
  -0.056  0.1005E-74  0.7111E+02
  -0.046  0.9544E-11  0.7111E+02
  -0.036  0.6786E-07  0.7111E+02
  -0.026  0.5465E-82  0.7111E+02
  -0.016  0.5465E-82  0.7111E+02
  -0.006  0.5465E-82  0.7111E+02
   0.004  0.5465E-82  0.7111E+02
   0.014  0.5465E-82  0.7111E+02
   0.024  0.5465E-82  0.7111E+02
   0.034  0.5465E-82  0.7111E+02
   0.044  0.5465E-82  0.7111E+02
   0.054  0.4698E-24  0.7111E+02
   0.064  0.4746E+00  0.7112E+02
   0.074  0.6648E-63  0.7112E+02
   0.084  0.5465E-82  0.7112E+02
   0.094  0.5465E-82  0.7112E+02
   0.104  0.3146E-63  0.7112E+02
   0.114  0.4136E+00  0.7112E+02
   0.124  0.1062E-06  0.7112E+02
   0.134  0.5556E-11  0.7112E+02
   0.144  0.5465E-82  0.7112E+02
   0.154  0.5465E-82  0.7112E+02
   0.164  0.5465E-82  0.7112E+02
   0.174  0.5465E-82  0.7112E+02
   0.184  0.5465E-82  0.7112E+02
   0.194  0.3367E-79  0.7112E+02
   0.204  0.8999E-04  0.7112E+02
   0.214  0.1485E+02  0.7127E+02
   0.224  0.7966E-53  0.7127E+02
   0.234  0.5465E-82  0.7127E+02
   0.244  0.5465E-82  0.7127E+02
   0.254  0.5465E-82  0.7127E+02
   0.264  0.4735E-50  0.7127E+02
   0.274  0.2803E+02  0.7155E+02
   0.284  0.2301E-33  0.7155E+02
   0.294  0.5465E-82  0.7155E+02
   0.304  0.5465E-82  0.7155E+02
   0.314  0.9877E-34  0.7155E+02
   0.324  0.3059E+02  0.7186E+02
   0.334  0.1314E-49  0.7186E+02
   0.344  0.5465E-82  0.7186E+02
   0.354  0.5465E-82  0.7186E+02
   0.364  0.1370E-05  0.7186E+02
   0.374  0.2036E-12  0.7186E+02
   0.384  0.5465E-82  0.7186E+02
   0.394  0.5465E-82  0.7186E+02
   0.404  0.5465E-82  0.7186E+02
   0.414  0.5465E-82  0.7186E+02
   0.424  0.5465E-82  0.7186E+02
   0.434  0.5465E-82  0.7186E+02
   0.444  0.5465E-82  0.7186E+02
   0.454  0.5465E-82  0.7186E+02
   0.464  0.5465E-82  0.7186E+02
   0.474  0.5465E-82  0.7186E+02
   0.484  0.1261E-39  0.7186E+02
   0.494  0.6788E+02  0.7253E+02
   0.504  0.5064E-43  0.7253E+02
   0.514  0.5465E-82  0.7253E+02
   0.524  0.5465E-82  0.7253E+02
   0.534  0.4250E-33  0.7253E+02
   0.544  0.2623E+02  0.7280E+02
   0.554  0.2244E-50  0.7280E+02
   0.564  0.5465E-82  0.7280E+02
   0.574  0.5465E-82  0.7280E+02
   0.584  0.5465E-82  0.7280E+02
   0.594  0.5465E-82  0.7280E+02
   0.604  0.5465E-82  0.7280E+02
   0.614  0.5465E-82  0.7280E+02
   0.624  0.5465E-82  0.7280E+02
   0.634  0.5465E-82  0.7280E+02
   0.644  0.5465E-82  0.7280E+02
   0.654  0.5465E-82  0.7280E+02
   0.664  0.5465E-82  0.7280E+02
   0.674  0.5465E-82  0.7280E+02
   0.684  0.5465E-82  0.7280E+02
   0.694  0.5465E-82  0.7280E+02
   0.704  0.5465E-82  0.7280E+02
   0.714  0.5465E-82  0.7280E+02
   0.724  0.2900E-22  0.7280E+02
   0.734  0.1317E+00  0.7280E+02
   0.744  0.8295E-66  0.7280E+02
   0.754  0.5465E-82  0.7280E+02
   0.764  0.1290E-22  0.7280E+02
   0.774  0.1721E+00  0.7280E+02
   0.784  0.3183E-65  0.7280E+02
   0.794  0.5465E-82  0.7280E+02
   0.804  0.5465E-82  0.7280E+02
   0.814  0.5465E-82  0.7280E+02
   0.824  0.5465E-82  0.7280E+02
   0.834  0.5465E-82  0.7280E+02
   0.844  0.5465E-82  0.7280E+02
   0.854  0.5465E-82  0.7280E+02
   0.864  0.5465E-82  0.7280E+02
   0.874  0.5465E-82  0.7280E+02
   0.884  0.5465E-82  0.7280E+02
   0.894  0.5465E-82  0.7280E+02
   0.904  0.5465E-82  0.7280E+02
   0.914  0.5465E-82  0.7280E+02
   0.924  0.5987E-28  0.7280E+02
   0.934  0.4210E+01  0.7284E+02
   0.944  0.4105E-57  0.7284E+02
   0.954  0.5465E-82  0.7284E+02
   0.964  0.5465E-82  0.7284E+02
   0.974  0.5465E-82  0.7284E+02
   0.984  0.5465E-82  0.7284E+02
   0.994  0.5465E-82  0.7284E+02
   1.004  0.5465E-82  0.7284E+02
   1.014  0.5465E-82  0.7284E+02
   1.024  0.5465E-82  0.7284E+02
   1.034  0.2559E-43  0.7284E+02
   1.044  0.6692E+02  0.7351E+02
   1.054  0.2426E-39  0.7351E+02
   1.064  0.5465E-82  0.7351E+02
   1.074  0.5465E-82  0.7351E+02
   1.084  0.5465E-82  0.7351E+02
   1.094  0.5465E-82  0.7351E+02
   1.104  0.5465E-82  0.7351E+02
   1.114  0.5465E-82  0.7351E+02
   1.124  0.5465E-82  0.7351E+02
   1.134  0.2874E-15  0.7351E+02
   1.144  0.9821E-04  0.7351E+02
   1.154  0.4659E-79  0.7351E+02
   1.164  0.5465E-82  0.7351E+02
   1.174  0.5465E-82  0.7351E+02
   1.184  0.5465E-82  0.7351E+02
   1.194  0.5465E-82  0.7351E+02
   1.204  0.5465E-82  0.7351E+02
   1.214  0.5465E-82  0.7351E+02
   1.224  0.5465E-82  0.7351E+02
   1.234  0.5465E-82  0.7351E+02
   1.244  0.5465E-82  0.7351E+02
   1.254  0.2095E-19  0.7351E+02
   1.264  0.4126E-02  0.7351E+02
   1.274  0.1127E-71  0.7351E+02
   1.284  0.5465E-82  0.7351E+02
   1.294  0.5465E-82  0.7351E+02
   1.304  0.5465E-82  0.7351E+02
   1.314  0.5465E-82  0.7351E+02
   1.324  0.5465E-82  0.7351E+02
   1.334  0.5465E-82  0.7351E+02
   1.344  0.5465E-82  0.7351E+02
   1.354  0.5465E-82  0.7351E+02
   1.364  0.5465E-82  0.7351E+02
   1.374  0.5465E-82  0.7351E+02
   1.384  0.7714E-07  0.7351E+02
