 &plot nbnd=  35, nks=    17 /
            0.000000  0.000000  0.000000
  -22.893  -22.047  -20.673  -18.936  -17.596  -17.144  -16.845  -16.649  -16.230  -15.565
  -13.915  -13.724  -13.673  -12.138  -12.068  -12.020  -10.948  -10.627  -10.275   -9.989
   -9.976   -8.507   -8.469   -8.155   -7.162   -7.014   -6.544   -5.587   -4.554   -4.511
   -2.814   -2.807   -2.088   -0.592   -0.566
            0.031250  0.000000  0.000000
  -22.888  -22.041  -20.667  -18.931  -17.706  -17.143  -16.963  -16.539  -16.112  -15.593
  -13.983  -13.680  -13.627  -12.145  -12.098  -11.967  -10.941  -10.624  -10.250   -9.999
   -9.983   -8.497   -8.463   -8.175   -7.173   -7.028   -6.541   -5.628   -4.614   -4.533
   -2.791   -2.753   -2.040   -0.606   -0.559
            0.062500  0.000000  0.000000
  -22.870  -22.024  -20.651  -18.919  -17.943  -17.201  -17.157  -16.287  -15.879  -15.668
  -14.126  -13.600  -13.500  -12.270  -11.988  -11.910  -10.921  -10.619  -10.181  -10.062
   -9.962   -8.471   -8.445   -8.233   -7.205   -7.068   -6.532   -5.746   -4.773   -4.596
   -2.744   -2.591   -1.901   -0.647   -0.535
            0.093750  0.000000  0.000000
  -22.841  -21.996  -20.624  -18.899  -18.220  -17.466  -17.193  -15.978  -15.763  -15.622
  -14.299  -13.506  -13.313  -12.423  -11.856  -11.826  -10.886  -10.616  -10.150  -10.079
   -9.929   -8.439   -8.415   -8.325   -7.262   -7.133   -6.518   -5.924   -4.992   -4.695
   -2.671   -2.365   -1.687   -0.712   -0.496
            0.125000  0.000000  0.000000
  -22.801  -21.956  -20.587  -18.872  -18.506  -17.735  -17.256  -15.869  -15.629  -15.375
  -14.484  -13.392  -13.086  -12.595  -11.799  -11.633  -10.837  -10.636  -10.234   -9.961
   -9.882   -8.446   -8.412   -8.374   -7.346   -7.221   -6.498   -6.145   -5.244   -4.823
   -2.579   -2.104   -1.417   -0.798   -0.442
            0.156250  0.000000  0.000000
  -22.749  -21.905  -20.539  -18.841  -18.792  -17.999  -17.348  -15.942  -15.278  -15.167
  -14.648  -13.253  -12.871  -12.743  -11.735  -11.422  -10.775  -10.706  -10.276   -9.838
   -9.822   -8.590   -8.400   -8.320   -7.460   -7.330   -6.474   -6.393   -5.511   -4.972
   -2.472   -1.824   -1.107   -0.899   -0.372
            0.187500  0.000000  0.000000
  -22.685  -21.843  -20.482  -19.072  -18.815  -18.246  -17.470  -15.986  -15.107  -14.916
  -14.685  -13.082  -12.999  -12.540  -11.662  -11.207  -10.829  -10.699  -10.264   -9.748
   -9.721   -8.751   -8.410   -8.256   -7.606   -7.456   -6.658   -6.448   -5.783   -5.138
   -2.353   -1.537   -1.010   -0.769   -0.287
            0.218750  0.000000  0.000000
  -22.610  -21.769  -20.415  -19.345  -18.822  -18.445  -17.618  -16.000  -15.237  -14.548
  -14.547  -13.195  -12.881  -12.262  -11.578  -11.051  -10.927  -10.610  -10.214   -9.662
   -9.620   -8.925   -8.448   -8.180   -7.782   -7.596   -6.930   -6.425   -6.050   -5.314
   -2.224   -1.257   -1.116   -0.411   -0.186
            0.250000  0.000000  0.000000
  -22.524  -21.685  -20.341  -19.606  -18.935  -18.525  -17.786  -15.984  -15.421  -14.373
  -14.179  -13.390  -12.650  -11.978  -11.483  -11.183  -10.756  -10.507  -10.142   -9.562
   -9.546   -9.103   -8.517   -8.094   -7.986   -7.749   -7.204   -6.448   -6.266   -5.499
   -2.087   -1.263   -0.938   -0.070   -0.041
            0.281250  0.000000  0.000000
  -22.426  -21.589  -20.268  -19.847  -19.135  -18.505  -17.965  -15.945  -15.610  -14.200
  -13.840  -13.550  -12.399  -11.698  -11.373  -11.353  -10.558  -10.390  -10.055   -9.524
   -9.449   -9.261   -8.619   -8.215   -7.999   -7.910   -7.474   -6.646   -6.302   -5.688
   -1.941   -1.378   -0.649    0.061    0.128
            0.312500  0.000000  0.000000
  -22.316  -21.483  -20.253  -20.012  -19.356  -18.451  -18.151  -15.887  -15.792  -14.037
  -13.832  -13.373  -12.148  -11.505  -11.434  -11.242  -10.373  -10.261   -9.956   -9.615
   -9.340   -9.324   -8.753   -8.464   -8.078   -7.915   -7.720   -6.899   -6.278   -5.880
   -1.789   -1.490   -0.359    0.207    0.274
            0.343750  0.000000  0.000000
  -22.196  -21.367  -20.411  -19.984  -19.578  -18.386  -18.338  -15.962  -15.815  -14.000
  -13.884  -13.013  -11.977  -11.557  -11.222  -11.060  -10.207  -10.118   -9.847   -9.793
   -9.368   -9.186   -8.917   -8.727   -8.250   -8.041   -7.739   -7.152   -6.248   -6.072
   -1.629   -1.592   -0.072    0.323    0.368
            0.375000  0.000000  0.000000
  -22.064  -21.241  -20.623  -19.884  -19.792  -18.522  -18.319  -16.114  -15.734  -14.168
  -13.739  -12.646  -12.019  -11.380  -11.072  -10.827  -10.065   -9.991   -9.962   -9.732
   -9.406   -9.108   -9.036   -8.994   -8.422   -8.286   -7.622   -7.399   -6.261   -6.218
   -1.681   -1.461    0.116    0.212    0.543
            0.406250  0.000000  0.000000
  -21.922  -21.106  -20.836  -19.997  -19.769  -18.698  -18.257  -16.242  -15.650  -14.320
  -13.607  -12.286  -12.145  -11.101  -10.956  -10.594  -10.181   -9.958   -9.793   -9.612
   -9.472   -9.315   -9.255   -8.875   -8.592   -8.531   -7.636   -7.488   -6.447   -6.193
   -1.754   -1.288   -0.092    0.493    0.731
            0.437500  0.000000  0.000000
  -21.768  -21.041  -20.965  -20.188  -19.649  -18.859  -18.206  -16.340  -15.572  -14.447
  -13.494  -12.267  -11.941  -10.911  -10.803  -10.407  -10.290   -9.911   -9.612   -9.572
   -9.537   -9.484   -9.467   -8.768   -8.754   -8.704   -7.863   -7.346   -6.625   -6.174
   -1.808   -1.108   -0.297    0.771    0.932
            0.468750  0.000000  0.000000
  -21.605  -21.235  -20.830  -20.353  -19.543  -18.991  -18.172  -16.403  -15.515  -14.535
  -13.413  -12.356  -11.629  -11.006  -10.508  -10.361  -10.181  -10.000   -9.716   -9.641
   -9.629   -9.419   -9.362   -8.995   -8.893   -8.528   -8.072   -7.208   -6.785   -6.162
   -1.842   -0.929   -0.493    1.044    1.140
           -0.500000  0.000000  0.000000
  -21.463  -21.388  -20.756  -20.438  -19.494  -19.049  -18.160  -16.424  -15.493  -14.566
  -13.383  -12.389  -11.444  -11.130  -10.331  -10.231  -10.226  -10.109   -9.791   -9.687
   -9.660   -9.303   -9.233   -9.193   -8.961   -8.407   -8.203   -7.126   -6.874   -6.157
   -1.853   -0.805   -0.622    1.260    1.388
