 &plot nbnd=  16, nks=    51 /
            0.000000  0.000000  0.000000
  -18.105  -11.067   -7.226   -7.226    1.566    5.203    5.804    8.123    8.123    8.956
    9.338    9.338   10.035   14.800   14.800   18.607
            0.010000  0.000000  0.000000
  -18.097  -11.069   -7.212   -7.212    1.569    5.205    5.808    8.128    8.128    8.958
    9.325    9.325   10.038   14.807   14.807   18.609
            0.020000  0.000000  0.000000
  -18.098  -11.076   -7.207   -7.207    1.575    5.212    5.826    8.134    8.134    8.965
    9.298    9.298   10.043   14.813   14.813   18.610
            0.030000  0.000000  0.000000
  -18.088  -11.061   -7.195   -7.195    1.585    5.223    5.851    8.145    8.145    8.976
    9.246    9.246   10.053   14.824   14.824   18.617
            0.040000  0.000000  0.000000
  -18.079  -11.081   -7.181   -7.181    1.600    5.239    5.880    8.160    8.160    8.992
    9.152    9.152   10.067   14.839   14.839   18.625
            0.050000  0.000000  0.000000
  -18.078  -11.106   -7.163   -7.163    1.617    5.259    5.917    8.180    8.180    9.012
    9.034    9.034   10.083   14.858   14.858   18.630
            0.060000  0.000000  0.000000
  -18.065  -11.137   -7.140   -7.140    1.639    5.283    5.963    8.204    8.204    8.894
    8.894    9.036   10.104   14.882   14.882   18.642
            0.070000  0.000000  0.000000
  -18.043  -11.183   -7.101   -7.101    1.666    5.312    6.010    8.235    8.235    8.725
    8.725    9.065   10.130   14.915   14.915   18.657
            0.080000  0.000000  0.000000
  -18.024  -11.225   -7.070   -7.070    1.697    5.346    6.071    8.268    8.268    8.547
    8.547    9.099   10.160   14.947   14.947   18.674
            0.090000  0.000000  0.000000
  -18.003  -11.271   -7.034   -7.034    1.731    5.383    6.139    8.305    8.305    8.353
    8.353    9.137   10.193   14.984   14.984   18.693
            0.100000  0.000000  0.000000
  -17.979  -11.323   -6.994   -6.994    1.770    5.426    6.215    8.145    8.145    8.347
    8.347    9.179   10.230   15.025   15.025   18.714
            0.110000  0.000000  0.000000
  -17.952  -11.380   -6.949   -6.949    1.813    5.472    6.298    7.924    7.924    8.393
    8.393    9.226   10.271   15.070   15.070   18.737
            0.120000  0.000000  0.000000
  -17.923  -11.439   -6.901   -6.901    1.860    5.523    6.370    7.679    7.679    8.443
    8.443    9.277   10.316   15.120   15.120   18.726
            0.130000  0.000000  0.000000
  -17.887  -11.505   -6.847   -6.847    1.912    5.579    6.437    7.384    7.384    8.498
    8.498    9.332   10.365   15.174   15.174   18.381
            0.140000  0.000000  0.000000
  -17.853  -11.574   -6.790   -6.790    1.967    5.639    6.537    7.136    7.136    8.558
    8.558    9.392   10.418   15.233   15.233   18.042
            0.150000  0.000000  0.000000
  -17.830  -11.647   -6.731   -6.731    2.024    5.704    6.643    6.882    6.882    8.621
    8.621    9.457   10.471   15.294   15.294   17.708
            0.160000  0.000000  0.000000
  -17.790  -11.724   -6.665   -6.665    2.088    5.773    6.622    6.622    6.753    8.689
    8.689    9.526   10.531   15.361   15.361   17.380
            0.170000  0.000000  0.000000
  -17.749  -11.805   -6.595   -6.595    2.155    5.846    6.358    6.358    6.869    8.761
    8.761    9.599   10.595   15.433   15.433   17.059
            0.180000  0.000000  0.000000
  -17.705  -11.889   -6.521   -6.521    2.226    5.924    6.091    6.091    6.988    8.838
    8.838    9.677   10.663   15.508   15.508   16.744
            0.190000  0.000000  0.000000
  -17.658  -11.977   -6.443   -6.443    2.302    5.820    5.820    6.006    7.110    8.919
    8.919    9.759   10.734   15.588   15.588   16.436
            0.200000  0.000000  0.000000
  -17.605  -12.067   -6.343   -6.343    2.381    5.548    5.548    6.093    7.235    9.008
    9.008    9.846   10.809   15.679   15.679   16.135
            0.210000  0.000000  0.000000
  -17.554  -12.161   -6.257   -6.257    2.465    5.274    5.274    6.184    7.361    9.098
    9.098    9.937   10.887   15.768   15.768   15.843
            0.220000  0.000000  0.000000
  -17.499  -12.257   -6.166   -6.166    2.552    5.000    5.000    6.280    7.488    9.192
    9.192   10.033   10.969   15.560   15.861   15.861
            0.230000  0.000000  0.000000
  -17.443  -12.356   -6.071   -6.071    2.643    4.725    4.725    6.380    7.614    9.291
    9.291   10.133   11.054   15.286   15.958   15.958
            0.240000  0.000000  0.000000
  -17.385  -12.456   -5.972   -5.972    2.739    4.450    4.450    6.485    7.738    9.394
    9.394   10.238   11.143   15.023   16.059   16.059
            0.250000  0.000000  0.000000
  -17.324  -12.522   -5.869   -5.869    2.838    4.182    4.182    6.594    7.865    9.501
    9.501   10.347   11.235   14.772   16.164   16.164
            0.260000  0.000000  0.000000
  -17.269  -12.632   -5.757   -5.757    2.940    3.890    3.890    6.707    7.957    9.613
    9.613   10.460   11.328   14.530   16.276   16.276
            0.270000  0.000000  0.000000
  -17.203  -12.739   -5.646   -5.646    3.047    3.617    3.617    6.825    8.067    9.729
    9.729   10.578   11.426   14.305   16.390   16.390
            0.280000  0.000000  0.000000
  -17.136  -12.847   -5.530   -5.530    3.158    3.346    3.346    6.947    8.169    9.850
    9.850   10.700   11.527   14.097   16.508   16.508
            0.290000  0.000000  0.000000
  -17.066  -12.956   -5.410   -5.410    3.076    3.076    3.272    7.074    8.259    9.974
    9.974   10.827   11.631   13.906   16.417   16.631
            0.300000  0.000000  0.000000
  -17.015  -13.067   -5.289   -5.289    2.807    2.807    3.387    7.205    8.337   10.103
   10.103   10.958   11.732   13.735   16.104   16.756
            0.310000  0.000000  0.000000
  -16.941  -13.181   -5.161   -5.161    2.525    2.525    3.509    7.341    8.377   10.236
   10.236   11.094   11.840   13.577   15.794   16.887
            0.320000  0.000000  0.000000
  -16.865  -13.294   -5.029   -5.029    2.261    2.261    3.635    7.481    8.422   10.373
   10.373   11.234   11.952   13.449   15.490   17.022
            0.330000  0.000000  0.000000
  -16.798  -13.406   -4.894   -4.894    1.999    1.999    3.763    7.626    8.446   10.515
   10.515   11.379   12.061   13.346   15.189   17.161
            0.340000  0.000000  0.000000
  -16.719  -13.520   -4.754   -4.754    1.740    1.740    3.896    7.775    8.450   10.661
   10.661   11.528   12.176   13.269   14.894   17.304
            0.350000  0.000000  0.000000
  -16.637  -13.633   -4.609   -4.609    1.483    1.483    4.033    7.929    8.431   10.812
   10.812   11.681   12.292   13.217   14.602   17.247
            0.360000  0.000000  0.000000
  -16.553  -13.747   -4.461   -4.461    1.229    1.229    4.173    8.086    8.389   10.967
   10.967   11.839   12.409   13.190   14.315   16.977
            0.370000  0.000000  0.000000
  -16.478  -13.814   -4.320   -4.320    0.997    0.997    4.316    8.249    8.339   11.123
   11.123   12.001   12.525   13.192   14.033   16.717
            0.380000  0.000000  0.000000
  -16.390  -13.929   -4.163   -4.163    0.749    0.749    4.463    8.256    8.416   11.286
   11.286   12.168   12.643   13.210   13.755   16.454
            0.390000  0.000000  0.000000
  -16.300  -14.044   -4.003   -4.003    0.503    0.503    4.613    8.154    8.587   11.454
   11.454   12.339   12.760   13.244   13.481   16.194
            0.400000  0.000000  0.000000
  -16.208  -14.159   -3.838   -3.838    0.261    0.261    4.767    8.036    8.763   11.626
   11.626   12.515   12.876   13.212   13.291   15.937
            0.410000  0.000000  0.000000
  -16.141  -14.224   -3.673   -3.673    0.029    0.029    4.918    7.921    8.943   11.801
   11.801   12.695   12.947   12.977   13.368   15.686
            0.420000  0.000000  0.000000
  -16.047  -14.340   -3.500   -3.500   -0.207   -0.207    5.077    7.778    9.128   11.982
   11.982   12.687   12.880   13.087   13.431   15.437
            0.430000  0.000000  0.000000
  -15.951  -14.454   -3.324   -3.324   -0.439   -0.439    5.239    7.625    9.317   12.167
   12.167   12.431   13.069   13.192   13.495   15.191
            0.440000  0.000000  0.000000
  -15.853  -14.568   -3.144   -3.144   -0.668   -0.668    5.404    7.466    9.510   12.180
   12.356   12.356   13.262   13.291   13.556   14.949
            0.450000  0.000000  0.000000
  -15.753  -14.681   -2.959   -2.959   -0.894   -0.894    5.571    7.301    9.708   11.933
   12.549   12.549   13.383   13.460   13.610   14.711
            0.460000  0.000000  0.000000
  -15.652  -14.794   -2.771   -2.771   -1.115   -1.115    5.741    7.131    9.911   11.690
   12.746   12.746   13.466   13.654   13.662   14.477
            0.470000  0.000000  0.000000
  -15.549  -14.905   -2.579   -2.579   -1.334   -1.334    5.912    6.959   10.117   11.452
   12.948   12.948   13.539   13.685   13.869   14.247
            0.480000  0.000000  0.000000
  -15.445  -15.015   -2.383   -2.383   -1.548   -1.548    6.085    6.785   10.329   11.219
   13.154   13.154   13.599   13.702   14.021   14.021
            0.490000  0.000000  0.000000
  -15.340  -15.125   -2.170   -2.170   -1.759   -1.759    6.260    6.610   10.545   10.990
   13.367   13.367   13.654   13.702   13.799   13.799
            0.500000  0.000000  0.000000
  -15.233  -15.233   -1.966   -1.966   -1.966   -1.966    6.435    6.435   10.765   10.765
   13.581   13.581   13.581   13.581   13.686   13.686
