 &plot nbnd=   3, nks=  21 /
            0.000000  0.000000  0.000000
    0.0000    0.0000   -0.0000
            0.125000  0.000000  0.000000
    0.1050    0.1050    0.2929
            0.250000  0.000000  0.000000
    0.3974    0.3974    1.0831
            0.375000  0.000000  0.000000
    0.8167    0.8167    2.1441
            0.500000  0.000000  0.000000
    1.2833    1.2833    3.2083
            0.750000  0.000000  0.000000
    2.0652    2.0652    4.6412
            1.000000  0.000000  0.000000
    2.3587    2.3587    5.0320
            0.825000  0.125000  0.125000
    1.9903    2.6809    4.7787
            0.750000  0.250000  0.250000
    1.5477    2.7973    5.1288
            0.625000  0.375000  0.375000
    1.4786    1.9196    5.9510
            0.500000  0.500000  0.500000
    1.5723    1.5723    6.1699
            0.325000  0.325000  0.325000
    1.2947    1.2947    4.3208
            0.250000  0.250000  0.250000
    0.9771    0.9771    2.8775
            0.125000  0.125000  0.125000
    0.3257    0.3257    0.7998
            0.000000  0.000000  0.000000
    0.0000    0.0000   -0.0000
            0.125000  0.125000  0.000000
    0.2087    0.2304    0.5474
            0.250000  0.250000  0.000000
    0.7788    0.6936    2.0061
            0.325000  0.325000  0.000000
    1.2414    0.9059    3.0995
            0.500000  0.500000  0.000000
    1.0147    2.4901    5.1423
            0.625000  0.625000  0.000000
    1.0925    3.4060    5.3096
            0.750000  0.750000  0.000000
    1.5005    4.3156    4.2273
